202283065442399 163512850536264 162693139533256 188643309941695 218802354040160 191162988935818 180443099634019 174192900436420 234882981037454 254712360841818 
262442256930480 285612059825585 257442259927035 245182378128086 248942360528571 235152538027975 239812490826623 238252529727346 236762516627231 235262573027101 
235262602726769 235942594226755 236002617926495 234062643226899 232762664026300 234852648926249 233792635526415 235092651426124 235272651425828 240512593826276 
243832584124954 241622656524913 245732628624233 263532401525373 288542056329478 318001929227046 315951728924221 311401524824472 350513372256380 296583789746592 
282393989248077 217014425441878 229724653446225 280563384651327 306274142256793 248753264349318 336543692040885 384733508846236 373223238147406 380283452647776 
383774022143732 341803826945977 273163849251177 274693373156486 377863048950564 196913766045474 291931802747793 186022995448721 234252850644016 288683080646343 
247662948545843 240603160447760 217573314147676 245113191344225 247782592643215 229072555841720 270274696647874 244293122445847 239713531747825 261303244847193 
244403464347878 270403223548152 234172694449842 227492378939240 267562860342222 260522939545031 263932964546725 289263162345828 278383243040100 277554217347181 
290032983146673 310612826648630 275902989548570 280672911648184 302173263449456 310572005743374 326232082243217 330982052447282 315392679349813 296182518048274 
305612639847332 310562960548893 311492811647012 347842950243089 347762716549037 376292622350201 375682783348071 358333035845309 296462239243522 368972608445598 
444101852454167 409643723250552 416754609443412 397154369046249 408264452245664 407564397946525 406234449246152 405404394347094 432384504448856 363694193752791 
321972129545792 324342417242712 273252544939815 234682618838959 197123714139697 212564166840953 278334116645501 226813695249148 244574916239865 239024692640784 
307114051839894 257154186745061 240904112644677 229404003745702 245403963545171 242553985943270 253894070845393 256594269347346 271994123046193 279914358746605 
251744332245294 269784277845758 254714253045489 256634272145141 243184289244999 264524264345669 259134210745317 248504219045123 252694217245037 251954196044605 
250824324744280 256454359244181 244824469042845 248254421243051 249404376243420 245714393943253 247434348643244 246354381443191 246664377843140 245214392043134 
245294388243112 245934379743147 243424385143168 243114406643238 242194371543816 268024130846171 269854176048504 338883503050066 236093653544173 321704090846920 
244583812144811 214233883249189 237153636546893 242253610142912 181093529939209 202374459941286 289004555650384 294304092142554 260153860943116 282874118244258 
227563815647543 248853910346138 239783828246510 260784012846151 239844057145895 271864275345779 264024173346839 268184243746784 255974102545978 262523955846576 
242344045845440 184154115544272 240843766047083 349523380047410 152643404443642 221402951041687 157254018731502 218534147347770 258793214849849 260402476242085 
191193062829436 245922737737843 227461632929745 261592306436468 290254160642992 234335466038189 265174414545373 246133986048942 234364864938465 286204150352061 
241873856732816 257685758146187 222113440844854 217462891446993 319093039643757 113273223441968 268363388345094 254622975744359 181852404344264 284142302844107 
273272516243569 273092728749110 283752431845360 250902577245196 232972503945934 270222969044720 288692882749130 294723248046454 227913262445719 244823250947279 
263402791844819 267812771644994 244983232748027 241703215544646 289243002645738 221103330246549 233973221346244 236453076243563 258242744243639 204792991945301 
221172901342930 223352779343483 203192950738067 185654363046665 256602517945211 236622345542180 162473566039884 204623434539202 249862414245106 203863381841388 
202993157342229 249033022250262 259592669845646 239812459641269 216832952140634 212453372240161 209183216839825 31378124253294145697 234493341246014 234493150445120 
233613193745167 242403346446410 252862988945182 192582959840390 189373508437258 240983395348464 255942732546985 261991949343405 152564375138801 240102631643898 
234692815943261 209233309345948 303422804344786 288593495545840 239572589242486 209622506539772 173943527541776 189633455842692 223733073846174 259912485042750 
239422255843088 152474903636834 280901813947293 221043199944729 285373163042626 230562941042960 198152666239012 174763636738261 238863003345527 255402476444119 
250802200642970 172073994141080 205003187643295 234033037642212 227972722544148 218453138845207 277773222545901 163133254344462 221303244242635 216943287642838 
227683168344864 241252960844420 218193020941895 175272618335063 174805083540779 314212064951972 235092013841790 155414616139183 250291971046354 231922664541469 
205593399144312 283682794446299 252433606543553 226612579240182 124964122339189 231913497250393 279512301548120 215262120041076 157044446040020 235043093541959 
228632679841876 197053172944909 276792997143223 215213156542716 225742689642524 159152897935907 151004253142925 255702978047218 279622120842128 203842852039237 
176314464238116 257052060144464 218283242244881 248163175441114 212292677138096 175643105940930 174905256244965 288352240350768 198852841436818 178763716540703 
258382103645733 255243488640980 257112676544264 148933054532803 166594594841490 285552357950345 236181910039823 123745611332262 287201691848962 265243220743026 
140443142136812 181363069237134 174213967240287 252582615147836 276842231545056 196853216640039 185234456341908 270622043747271 205443430344231 240233259140221 
205932717238215 182212979940178 175983919239383 272272781846663 256462530642928 166324029237802 233473232342831 217592904041931 242373013045077 233793172042233 
234233023444902 187522880841990 190733070836930 181823522641449 247192719446059 238422622244638 219992890840954 189673993138281 251103130342446 223412846143813 
220522963043612 251433028642868 224663154643492 210132964042484 191253155641308 192293106040351 180483524840448 236552684345166 241402760643335 204342863841894 
189944377938946 214742652846617 215782912342289 208223427543509 257163126946324 258963050642618 228512437943565 156463237037700 143203961141614 266692647745683 
270922160743657 149124174937810 253082122145679 210533166443121 265172909744501 140233013141567 214312590239859 193193146935950 170283976142997 276772475745509 
247572218741436 157503980439689 216672416345128 208212931543263 269812842744352 211722972040758 187162526536723 207423082737355 186333751739862 259462371046914 
247162472243661 183103703138933 193693378142969 250902420345779 206303356243388 255692925344556 138303220642745 208702976440686 198432808440308 172693622038418 
212163250444017 282762247046505 219162460941216 166443870439487 199433075341877 254332323745127 208443165242328 266172970945072 123193139342550 203342585038737 
162653573836677 185803580244317 238762783344716 256612397142932 149424033739282 220122860444822 220682951743030 249133208344801 120703101141007 202262663939231 
194463153938857 178773908840944 230042965943980 237402458145481 235932271842766 172843717939828 206453161142373 233882562446247 248333047845155 242153277941582 
239442926643833 179272966840976 209673171337816 200143843945429 255782783448145 271432626345297 210582955440665 173934167039434 251442418646476 213633151143996 
266253137843464 241682827743811 176712701138817 194443850537865 209173113343286 255842081445096 223252420641782 173454176937270 226242867044758 228322564543519 
198173181442779 243223070544030 219303201443160 132872555141411 185592296834149 142684631540642 268342110547144 253302002341354 177514531434489 221762513846502 
265552683246536 247523169441428 128722899738790 171673058832901 188374709955219 290461373246369 127664653036297 266381724646989 203183415945687 271723171041267 
205052927639951 186143442541725 208083043741857 194933437240000 238154039550930 279301856744123 159223952635998 219863588744552 239222157542537 241543239444655 
223323070940313 210453063142504 216633002142397 232522629542724 182072625930722 216044028259381 284592723445679 186452475737285 167944521439905 263772349547013 
212223210044277 240323102643846 167292853343051 205143046941333 197202064536491 135335182940657 271852619150913 254371952039918 142364503837011 262062113845960 
201482908243537 270012883742851 188692971441360 202083132240953 233961925439353 171773618930848 265222847753240 268912463643321 171843099838492 190033710641590 
264052146846349 230233304544580 238703092941832 218453194241876 216132229238474 171433726833445 262853129851497 282312341444239 174373186636813 174373550541983 
254742237745917 209813153343446 246222954940470 244082918842585 190232405738379 149643410231969 244663737050975 281072160844672 145583630036307 193563262343660 
249242200744377 242813080743312 211432979841354 219242127036805 151773708530216 277493302452444 268041921243174 178073432938519 167923785542745 258911968146922 
235363272244347 231702971539599 205362681336657 186823400041136 152803540937611 261592697148772 256102169042596 165084432736144 258162566746097 225502854144802 
248763170540368 226582856140870 188852760939394 142003752337671 238003492945604 261492102546701 143253983635968 218322916146721 232562525144242 260053179242157 
228173219438474 196782825240457 179112800037909 140474604940337 305271845750599 230062435542332 153934131734644 230812225348764 198393235444110 248843110942548 
153232832841429 214922966940199 188052273932710 153394746242617 299332315151029 207132631142106 159213743638462 213653852039925 255572069144710 223793421845238 
243243102543577 210132604841663 172292873635881 139474759046296 281132153647275 236682216341375 150644035137607 223142600941821 224722497744292 248473494945279 
242273027842503 194642592239059 177133549238568 163924368844637 256602415950687 239631892242457 145583915335147 199382950144444 225472343039707 187483400243678 
270592915641916 237782256739886 173913645839172 163674376741532 248462650848709 244442085541973 153524409535562 246292202345196 216022814439665 241683054545894 
255222902241856 211262599739657 169993091335606 165394879746510 274881981651317 221392609939784 168164456235696 262051949847020 205663009641596 284703208544917 
179193568941112 200282675236640 190503445638057 220564021944839 273112335150928 215892190238452 176054744139965 244022390342428 210962854142380 277303225843812 
172373251241543 192133060537669 197013159139234 174603416341011 177813887745849 242012274847863 205792625939803 171844080737028 273601796047359 180893375645396 
289363392643524 242922917537396 176672686035484 129994025438692 220863581149318 270042158044189 184193206736057 172684494039899 259802056043941 197603464243249 
252623167843365 210592806240986 181262969438529 184143794136181 242353002144272 259502274744696 177613438237621 182743495543909 255412361745980 207813147242653 
250373165742848 217792706640425 179633303740745 145993934940940 238463201845535 258902250942399 156133802237634 202663240841988 215222424441890 243153087543467 
110483222343446 216512404538148 178083639038899 221463605142142 252452765547268 236402135240103 164334057136898 236222474643876 218552772439355 243863215043633 
207233173041845 209392748238875 191913651439083 205833607045451 262912815646786 239352504841571 177504014337554 215073265443458 223992404841839 235623287143813 
136533013143072 200492496037280 189203454536035 200943603346278 260382926244913 237252451843417 172933647838634 196133500242474 250252097346048 190833553542768 
286042943245330 145992901239843 204372579737799 213522933437370 188033842243111 273232098849102 188342930339885 182733999439260 252182670743260 204023288942068 
255142955246384 227803048242306 225042664641180 186612863137369 170663687138657 273022552450331 243882279640246 176243913638927 206063131143328 226152542438749 
240502855245255 216403468342859 214522761041438 187122793035563 166683952836686 288212421951026 250252207041943 164544279338239 222192708542879 224202397141770 
232103137844678 224143291242834 204402752840505 175453378440942 154904362046509 257333006648269 240662394644063 188403328737765 191563628742832 246292454145697 
198553512243674 258903103744624 196173265341932 190732684136955 163564151636320 272552650352354 226332349539630 179144718137873 276732234248847 197083527144502 
269223205943133 199502599739433 155143823239410 209504416346147 270002298749233 208822616539996 168424948439113 264632002844488 205643625243966 249493303545750 
199253176742357 204782539038538 171924110739497 258283487752065 244362637745149 177653169339227 194934303339192 248732221444756 197153376242955 251573227445491 
213493366744434 189042423038167 198973466036104 223484286748131 264752074047271 201982807340947 178374674538089 255022061746360 200893541942916 266233321344926 
225322846143320 183412738939469 161873480840529 218773857145977 259042417947058 221322503040615 168234547140675 236212474045278 195793329145128 270903201543365 
231452799944636 166202970936370 167814090140685 266412653751109 230702274142603 167975040137634 255962068446908 214103262243628 284413047244421 220433320642047 
191832661937718 164923402037045 199383647046466 262882472446318 203892978440157 170284071240123 256101994446257 204113355343226 263223166343658 205183212444327 
183032759937339 153573810236754 218303534144607 265952353147911 186552925438910 181434124638888 260392176947722 202933779943069 138283082444276 218882868640583 
174843006536279 191743544842038 210753715746761 266152527447240 209922618643127 183254645935785 253422609546153 216982958841102 240703314945000 240983147443325 
209172725840859 189842815739291 191203683838267 232653351346743 287192375045914 190712950937721 170724180441879 269122225045565 199763403940850 235013021945868 
247583009940787 202842602040084 185253361437899 188534370948328 253312555947105 223842230440018 160623969438172 217223054643962 224502291739155 218573188344056 
241003090544120 198702850341561 182052940637623 166934279041075 250262881649875 229932346540237 145514401837773 247532578646493 207582879741201 275313273645071 
222943131744709 205582806037801 171733380136757 193864200844350 273742550849134 219002430940620 161824550237997 259072369246064 196263267542812 274853119144953 
209702835344588 186382756334882 176914124238083 233273144451168 229542206643828 167654007736557 212723052044735 211332762540646 258323141545093 140442966343526 
190352582034217 193193705939931 198844210446545 266062019846248 209662792939756 164914751841072 262912242146408 205483524044064 268943174642159 204892559439896 
175573537136604 192284065143673 241492756149296 234512246040883 170214272936748 226102939745671 214192709942889 259703260543403 222462948743365 171003089137913 
150253975237842 229793331447878 252642303345595 199633171140225 178784443140263 234482308845902 188643310041582 267083488042222 237332980349173 190832611840138 
163693884537228 252493651647544 250782426646207 189933140541121 189823603941014 240122699346490 199113364342925 237933498741611 210982821445289 179122981939707 
191493321334203 216013271947304 257782350647801 215342924240316 179144117638501 240392573846851 200843580642863 252043272843850 228243045946218 178243152239749 
184143531936543 206413487244653 247172257146366 205332753340638 170624334540403 253132424446555 199373416041532 275123033844337 229643074745926 196692812137962 
193733260137670 190563606343791 255882793146840 244822347041958 162924702036971 260102527746431 210173221142312 244653215245372 253883104742819 212412880541295 
182003082038724 167353731239916 239033164447655 248262572543213 179993186841116 175204067236756 254792260446889 194603514842016 244893171244962 233813351843033 
204772989742620 163023577040394 160954403243439 266812599247774 235742259740881 185614663238723 248802413147792 202793280842038 232803339744423 226532963944277 
209223110940174 200252697338612 176303468635870 211894108446717 261741986344745 188323226038595 174773626940829 247012329245448 177493542741236 244082856244103 
228403089540535 208822795440145 199372820535766 157444224840557 264832448348310 224002751640201 184453959838424 232783134444090 203953061740288 226983131144529 
270492774142117 160913614337384 203142507936326 181123780836845 212853405248894 252022414643285 174663212038347 195143782540389 235082655244806 223563157542220 
238423182141227 180402887837456 214473202136312 192304212443460 256522382946731 208042987439737 181104182238897 247922453645419 188003415844092 273193004244884 
59843502740370 196432657036645 199413540037634 204903652645747 240342605245263 203432645842111 161204247136268 228492840145070 205763047240898 246272993843757 
223143288240073 201332681641220 189453294936945 182553904040806 236712541448245 236662417742957 175374401938574 246042599944945 212663037142286 261333214143579 
75603093743006 189463070238071 186453348837313 207533620342537 256182284545838 204152872742294 200153434740808 199723318642016 237982901845965 182233449344452 
276183014843182 191113260740561 171753532537396 177263749339947 246903037846728 242572271942102 164764036837251 224883048143325 214762842442154 275543220845037 
82952982243353 181502983135362 187253512039692 178773654244677 248282269145317 213952630942021 168894081937523 242542377745570 213063108543586 266213067844643 
165463024741472 195322733239856 155773735540506 241103350346427 245522819245000 198512991542416 176074099639343 249552493246697 189363013944373 257123495941645 
201872852242813 174873043336723 184963798237966 225173223444550 244042296242666 206503264540098 181904106240897 228962692145532 201162876341968 266763242644393 
