254543210247390 253943196447318 249743143046852 254363212247234 255283177347272 254903182647269 255763173247381 255203176647305 254473196947273 256623158047293 
261133159247559 252773234347058 259113141847268 255653192247299 253173237047439 254233148847470 263893247047885 292292899748597 273292645846169 196312462837970 
263732182639879 271062706347031 145022255946571 223431751435251 310152206036613 215392476439035 215412995942622 181672870142242 277412661343002 233792887940531 
229172621943217 221772946041301 222852900241483 232712972745195 223592979843254 237242904545257 229733170044698 228482957844873 225882976543175 226732978343520 
228182940643853 228243066044249 227553256245067 227983083143860 224673089143714 226783102044228 227433044444465 226263070144289 225833035043749 226222931844758 
223642897643083 226672905043449 227942833542987 228292830443170 225692933442921 226212856742950 224662880342998 225922868742803 222412856642198 224572849342820 
222952859342171 222122899342703 223482848442655 222582928342766 224532882142725 226202949943154 223982879342912 224492909743029 224062890043047 234052502042527 
230853405241747 237002751944687 226212611939287 197653581040570 248882609842993 246422397643357 207592639237643 203193083341901 237642725841654 222542672342445 
236532703941572 232522521137501 159892958637409 200313026840822 225703051544507 234132870741457 223362743543031 197872833335614 204843231140563 218812758241839 
223542947341263 221152958842460 217632936841747 220533000243134 229872642342067 213582628638296 177963007239682 204613024843127 256882713346261 224343042844024 
207502819237592 185653105539261 225092718342120 219242961142245 248922209440426 141992782734604 170623480244482 313092009146941 235832401040552 202142906537663 
216133167741932 220492757141559 214472812140622 242342457741151 174232932636293 185253520041356 265752197145462 224652310939143 190512877236951 217563003142070 
219342812941658 219212825441237 216442666740400 227862362638739 179823175937829 203193091142248 251552781943252 225342661741614 203712626237313 196853411540546 
221912780842733 217772874041293 217972752041409 218032518239488 157963169534461 200322996243387 257082316641992 214152985342123 213472752638264 190883484839704 
226832666941598 215753036942049 220022654341181 218432585239807 188502790237149 167033364740619 228802750743778 242272601140955 212762767940613 186013230437248 
213813036641346 216393013842354 215202948341482 215622638440448 228402546637796 166503552236957 240412220747901 244772506345589 181282898236985 197883442740795 
219982923143405 222542665842038 216712654137248 137173878137336 240822753346298 222662923743371 196132775735865 192493470040176 217762821441815 214432977641870 
225492706442318 208443003440900 191833046439636 209923283743256 243672582046687 237492561940806 191232956236757 205303130140970 216082839841617 214712887741594 
222522728541836 210132628039115 182753290639310 212062936041831 233432319843826 232112886144244 231642708937214 189043357639811 220302709942320 217912930540852 
226602773543721 213582581939649 181082802635346 154483882246224 224882534047220 236842559043420 206042823236925 200223432239701 217772821342850 217333005341408 
231762516739410 187973041639080 191573332942861 246162313745941 196582833842754 194972771636461 198463402641939 216673092443784 215643026841785 213362652340147 
221032591739673 195563124838832 200893049139056 210512520942283 253972641941215 199512704037383 190663297038826 214053143942744 209993085741676 213392936042382 
226412465739646 201142989539520 176743297140274 201883002844711 230292519842596 226072628642488 234092725338598 187313145538391 215073064142152 223602938042128 
225112607041889 208062555636339 183282851638020 218883732644149 236782723346909 220332996643754 204392857940817 192723265738120 219543549942616 215052885742273 
204322535939555 184462827836700 179423636139490 244412569748101 218822567544432 190623020237612 190733284640068 219012817342550 232802406141166 181643104239046 
180352977139157 200473306843397 238372459645452 234352524742889 224042785638876 190003174038717 217103251443073 220482921642505 213862848441389 230172615240628 
211872638936329 176033930637437 234762320142482 244142661544119 206052887839153 185823416940255 217513010043429 209713090642348 242262972344087 237872762343519 
186602539933381 177833945141235 239672649446695 261662479543975 209482968338490 193173300740379 216742937342851 235042790243093 215022764939659 180782969934844 
186533614440089 222242718242852 229612772442229 218962703441078 181803058937767 216083230843565 218152967842841 229992676641374 197653061138389 184483289838716 
208113310441830 237122488843305 217582651644458 197572768038190 196283376739753 221302718141741 228952636842031 207092516638731 195653160438571 180113461038242 
205242578342319 249552726742926 209542566239464 177483172335528 201803279141606 227082884843091 214932384238476 186752821635683 197273080341722 211832324542276 
243392575646295 219032631138684 186503416237557 208963201940447 223282601241193 219772629139891 197093002336837 175913435238863 201722893542789 243062891646493 
225452853442415 195273078337695 196003406039876 216343018643665 219492557241631 169522681533542 164893305240011 233022774243152 244943104642201 201292794741032 
197813322839235 210932965841391 226592631638206 189103002935806 177413145840565 227182741142944 231312525745695 194713064141554 189143143537453 210373464442455 
213462970542217 221822749642686 186932980634883 150003426035525 233992577343162 253152512546900 232612696236283 184373652037930 222143016943041 213572962441082 
216402844242800 185482562335917 114344384842122 231822834943504 264771849641047 193522710733824 197193543039924 221952404239504 216312875940411 238862239640100 
183032730930774 175783672543886 273501572241502 231812768141726 210762672439303 178493233836468 205613358342896 212893011542173 225602683441351 184372915636595 
196693387338934 222842737144387 243832949943125 233562353740940 170363198836581 203113373141532 217962856041726 208142785540315 253912438936475 181973079437465 
183413273139410 226202547642266 223822636140426 221422603040280 181982937534126 201433376841104 211573085842127 209803020041304 217422556539279 227592411937163 
137963651234043 213262867643399 236522440939838 229982665739198 198553081936121 202673320442265 214403085142476 212193079742043 215232828641979 248222407436953 
172383079236308 170003562141643 262862403849888 212192747845069 182912900436356 198503618640536 223972794542175 212933061041824 220712633941552 220672511238823 
161303407237526 177602990242819 236752230343596 209862844342872 168243196735038 219433230242297 217072932541918 214392905241812 215302983842343 212182674240145 
203582549435009 176633622340560 215872700343656 255942610344639 190962759541447 162733412236456 217883131843573 213073124242231 218062957043011 230602659240974 
186572861736772 160643693640049 216122544143113 270032585444738 217762644039095 188773568337990 219632895643079 215952992740937 217122884642048 226552364339096 
178903047036006 169163302438236 231402608444145 228022856343831 207372727538019 179913548437825 217792973942904 210963163142394 210632925341171 213273062242316 
245042590539410 167633041735156 209393160942596 236842075340116 231873028943830 209742813237640 181893702434380 210743479342920 216103188042720 216323016641627 
216362967742977 234542705739211 186632889937089 178953440340746 201952769945669 196653069945476 200083055138467 187443787439125 217803280644449 210843363942821 
212933130342632 217703246744751 214213066841769 160492879633387 190723227241814 208783044444731 212082947842429 195752828838335 181243876136158 221302758240337 
218212943841680 216252953542436 206983308341952 227362613441655 194912895735074 181153539742354 199323032145645 245312807046718 186613229837998 195913501238386 
207543504943664 213383557343573 212873328342741 213813369543310 218312964244385 194363027438491 119863428033025 214072559145798 265262630445504 196572739235145 
180923655437342 210373201843658 209173261442361 213363056342359 202762684940800 212252560935079 182853728543553 238312624144189 239912814645686 214303174339764 
178583440237492 209583720242842 215623301643372 219913288143750 216723134745035 232152441638282 183223314536692 175553882042904 264532607444929 193962876641748 
179193424236283 198663753241286 216703104043175 213723283142728 236472546940825 154372865330944 223933692547640 235042755946814 174363495534157 203804001743279 
211803212941708 210743338842426 221372932743974 189832536835220 165804233840523 260902671148676 210952748840806 176173546238417 205913815242454 213823149842581 
214693226142537 212333244642871 219632685141153 142803083730473 203073277745290 220902672542450 192852732639007 196113542539055 206583423941390 222172873142860 
203752806441605 185373181635192 195603107142621 205972648141527 213982893641659 202992952637089 194033558437104 207833458842364 208803212942047 211173212642078 
212373255043668 212903044742069 160653112334354 206883156745413 230372225640928 191513206436684 194373658040174 213713410243236 210143689543285 207903359842446 
210893289842038 232692903341487 185752980434428 200393428345826 240542704645073 201362815540403 208003245240484 182833284840160 211253568843593 212253355542946 
223092970743843 216472942538250 169583325935299 203622656442825 205012335439913 195202972841133 188922967238735 191243647839204 215842976143220 208912945242797 
198622676236482 183643459138697 195043192542280 236853281047568 211613043542988 191313470137751 199803689241671 210933244042917 210513292642470 235082611740705 
197082853236929 172193001339245 200872716442802 240172950340427 216792944539557 192602917238893 187723568139855 216362888443151 213793103141676 223472737839113 
218702823436211 171623341141023 203403061743007 224003159242392 209882804438226 190483134737581 209192999841810 209063246342463 214443089242608 220372823342183 
202322870340054 165403379533747 205443001041737 237442403243985 222042842341686 173283224138998 187243474339162 212473279443326 206793401342160 216522790642530 
174873097935070 147353247432386 192872873142587 218952347942114 209462734939268 189432908039034 199083926040770 218803038543409 213793281442730 214912822640930 
176783011937373 191412807037563 188343125439539 229182624643687 210982988544095 195002956940438 182763852237829 216563560044255 211823291343118 210772723139785 
175603013038421 192773374741199 225022854844674 226062951545245 174303324138680 189103600038058 209453564942865 210973573243103 213343192643471 217362824940858 
156873484335477 209983222444448 236832902144157 209882953241314 173623543240962 197303733141152 216703443944129 212473368042543 230002971844197 169873632138291 
171893090134435 219832856543695 238802477241704 207182482340336 184983598338662 198443969640741 215073412543746 210113141243472 195563119638547 174723256438214 
206732866741837 226842355143854 226023090040398 203943084940549 183303628439397 207363686142457 215093267942835 210193342542458 219582912544094 185733436041773 
161903289434750 199642792343667 248633001245459 208553014945005 186613460937870 197393766040913 209173346341917 213813180244596 227662664040641 168393586836165 
205432967540870 232983099243321 216353038242058 208283253842132 204713546642248 195204174539803 217733420243672 215213433343991 216483148043483 210742556232454 
197443212738562 205342852641118 219442941142911 202743033639930 180853347039325 202543667341314 215883128242971 207283054642109 224522951341844 178273311536904 
198943206639069 225782866741108 227282315639640 214843050441308 204673497539681 196383704741480 216653370844657 205413482441989 219672977343916 197942545639184 
185982855835697 187983329035619 215252793440138 206562610539628 213073068342655 207152383137179 190253297436681 208533602342011 215763078342936 223732660241234 
187353309441558 230102993842674 190333119038420 183823092339814 245982832544016 250092617443795 214492743738694 179033452436780 220652977143750 209893368042747 
175682581437005 215722828742378 195822743037518 171083496532946 205562899644373 260372388645082 219882720838936 184873363937081 213153370943071 211943174442508 
211583008541877 246442701743325 227553060440017 130003272532565 218703185043619 238912949046649 231002607140785 201032878338283 195833586241032 212922954342590 
212182971041411 217932372541001 196442985831047 167053862941908 233172617445459 202232721443358 192053102139425 183803584638076 218833170443970 218083093942913 
213702569639801 208652800435990 170473208537549 218602605542920 223912620543782 205012683137057 178543670537128 214112925241988 218142872541352 212722807240046 
188292782033414 176833300736683 217922337642630 239242643542499 213702855341191 175933247834736 199143343540197 210392775340148 218232835243114 178732673735526 
195623325239553 183923400340583 239582419743817 212642965142091 194042886439129 192632940539078 173213795838807 212462765742179 218852874940564 192002879340563 
196492973138351 177083487436883 226463093944292 244632652644602 205483309341567 197723700040119 188383826537876 213253532341909 199223902040685 214443372643210 
208463607042983 220202915544094 192212581036132 172413559035726 259132557844856 182853526839443 191913195137807 202163530541502 210623472243102 208933390942388 
231792661444415 219803163238861 154863494437560 212022668645854 206203050441637 210103125041807 190523409739841 214263217043261 209233256842010 215872985742450 
211833077040092 202412783635980 152763236135859 203523143442014 228572194839421 197723030738635 222112853736294 187803528538908 214402820641512 202553098139893 
209973047240971 220892706640699 160153258734362 200553269138397 206762340241559 198583067940442 196613123436437 188233387536364 210563093442266 209403280141775 
214432995141400 188633042838321 150773073736141 185593248240668 231162440743070 214903056643009 206273083438556 178023363236051 207273166141764 207323281442488 
224792880640913 210662842336804 165253663333499 224282860242067 225642632539453 198113043137544 185343004540123 187793603438826 208263147141536 211673017741770 
216442735441071 209152786339027 183472989635608 169084260938318 224692746348465 234372767041151 205162966440740 169363447435533 210443172841841 211362970440558 
208602749741127 176773109537322 185843076335639 202942648741357 206352680639578 202912894438760 206773110834953 170323327935349 203943461141378 206243111241540 
216413018640595 201843371439240 191393446437989 203373036442295 233892609639637 203313040939044 194843283540409 184793609936970 209383308041737 209433155442259 
201803234842646 199933239539430 188063245435248 204302955341561 246232439547188 199372901841428 197903296237886 193263376639831 200943328641363 207093123941861 
213933003441605 212613088041257 167313023134023 182323453138818 203432393941287 199603214842543 194083078438474 183893516337488 207053083641516 215563022241588 
205543147140652 198963067338289 170403651636792 214512917442206 256712472244870 207732906342342 219803079339047 194203447236448 201923168340003 202743322741309 
211753109141799 192182903939428 193393305238047 169133511136457 195743181742807 225913155344323 202812927838397 171553279035935 202363343041136 207083331441943 
203043579940957 202913631341349 207673466642493 215573050240380 151983484930955 204763144042890 238622352242708 192393077439661 192063359937452 203543506540370 
206453607642232 208413607541863 194013584240356 198912980439736 212532885539309 185743351835339 191073062240081 253702045039086 202513048140328 194853350037794 
193033664438785 205003296543036 204563219241887 210023056941374 176212865735705 165963337336790 195722802841263 225032515639741 189133132638670 187193413037712 
201523604342251 205183470342141 212453215742450 211763019442632 174712792434488 169963497636072 225052554644487 202683079343621 203473537039369 192853452237405 
207083412542238 209033274342285 209043175942139 208903222542606 258442700040904 144783132429278 197833017442905 279141913238056 186773181139593 184263860837003 
205183540343361 221663032143172 204363503641533 139024001132126 230382209042837 188163300441409 185953090136270 191203447641001 214403253044168 215513095342633 
208512980441986 193062798939493 159493459034890 213023082643086 229752462042091 194842795336755 190543483937249 206843047740759 210173029441152 215172807541567 
226902790442032 180552786234623 181362970537848 229552155537485 217572430037874 208693093537280 187483163136655 194373637439984 210363160242180 224162775441678 
214472913041240 191343015434524 168713551535467 195112525038956 236992449039622 206763347242085 214122687337274 186253457837673 204533232741188 210912860041367 
220162812540489 164663279937789 178083534036572 228942935746487 247032714044094 201652891040384 201443041538656 186163412638237 213872820242016 216722955541790 
209482464838889 212852791936528 191573199637378 207752995240218 235882294339476 198643095639177 202303269337690 185553669637379 211033047242078 204903288841350 
188473048540807 244392734433365 147673377428008 191353143141788 217382306739208 208853118036259 189893051035943 182793584638660 205442736139544 201932937239976 
219342784736445 162183255237007 186642874037812 201342811739628 210322628837601 204113232138487 183933330834963 200223912540440 209543420342705 207663195242003 
206483289541068 166203145132635 181452916939207 218972638341106 206463193240817 192013363139136 194093377837230 191643617437860 206123564142042 201963581541433 
203423091543869 173103071633909 157343920638120 191343058143176 244952858843256 202662903342991 187723150638254 185353656838098 212073329043178 206043353642019 
