349474534046902348714539146921349284530447009349794537246717355655021348153352584768345762261111903946980383084872147128376795016546653357384648651991
319035343738596422185466540871381705002819825295314972928814332734533620597374113909218142448413714221112417824059620412457194502817461389693580317331
381213472115168277763394818855235163388617402269573022425698182842537226116231432489630501274662544246863299612780441671313333096445442259792399443244
235121884242846259482296444882247222626744921247012752044616266572719343489256072570246165259232630544181236092504146241268752777544536280482967145755
231072421141550223232580442610236432773442978233102855142451212292998643608220162754342338217412952742729219613087843475220772886841913213232766642348
22334285164232323577291244207820259297284287524844292034164123224293014198120021322554558228571330312974021225613935004299084427441086151981337227878
318252456651312261112672948859218262581938589218603403942157214273190641827218852778042518222632995642603217873185843197185443017541287204603171140282
195843269039858189263380640453194213152540511203823275639464201373295339981205053190340269198143200440295200813199240146204093196640186201213091140371
221723208639359278034364748055225583787534972180842208340379274634323040391121852742844197160372624547859292322330651520241693529626651190543714639618
21416190773549820844186343775717999485463594823605359172857916160344315147925576274414280522686354563389914120536013802122361460840412255765118440272
18139313423697316080308775701428527303034297822889344904233619990372634121315904491503964119702833839390240763184839800179203672842832170252424449151
20414346125168923401299693870819447336563825922737287234293818679425483702316796355743784013643506032271242504093734307188273214830578148393443344331
245603412548350197543171736514202573132841924215563180340563178814834138079313933667134376148121599032125249603747439896254553122245860185232855348364
16816313185157120877331513356619879354574134022483346524385520791361343743629715511542236213502427227755191222412240881207415758839326191303551729176
187883458749673236662588342929234363365832466202093152840543231493199637910163554030346188174142599044154168001049638634245444488031952224853437629205
212663297550164217443041644458195563440036993205813398137751222123030441670227193199039300410945783813500210582184437502175591762336053240654319334763
19614321563506021849338584083023362319694554818551324953806522069321914087022757374283629316450456253894324831233253606620824304093769522364900648183
30267257333579022942407784720321713320134145720713339273753020525298624162217200403213504525707443873174323941931145873224903216935367181174487230514
17152309823711215160351084722021649339693935817492297653877022344332754272819288460523626861184181840155205701057140780244823665836232203444125231366
385723831327220211073519245380210623442040667216493263441188200644156436504379875066736436140191979039847221153799738534187074770639390313903445332256
192773606049861205203317538528223133568538739195543911737456337016776447780120391813134733210052763841776146704440634934256743402936078181823160847862
194253417938740195663393636591220253305938846200914169138082302573334851235177291196135434234733867239004180364205425096172283721638542238483594445761
189103502036062191183250840717192643305942209229174625336358193394597146277219411550231867225933800537314214823988331253221523421237856139893531541371
2057836292406561899735892394231901432024449142389241037372971834341274531811580118341458821573724075417722894249027314609086367044368354473557350765
215823394842328213663442641707215633328141654224883813037732184735244134362155962914344413177351411435619217284894433712164772911337946158813428429938
187243183042388219713111740297199153280937340239413541139070305966776446871226252159027226179391951736865118185545643580181452747645170170293503829118
15390325454198419173299504250021791321863596023926354573400719751514613738718464167375078018911270793942922884677644435224324022458397170253341041328
232533323841303210643486534608206633562436205206325256240221346772546536153216792895844096215424837826627153673159742071212993397941098135373750644564
227393219743441229092942535344207363317228372114805025743919179611990547659271404563732493167943648031171141373825847918180913471343361186073217635987
1767034467361762133138373378521692047994443851836423832253471786830358411418703602682900620228287463016161513339552332197633548537926255003484430495
174935280631564561578994127699721889943044267363693329276262273838431709250984006838055228293355942050199263450736023174423286843572285733613535904
282346244936853919622363298827771402583176613405521684648123267507574137113238367042415953494140353058241762990042627198353869739015186133587539166
25158365043493729985543463672836941049642466287933412642731158084420034577217133705237997211873516545560205583166739291207173520234725218553472835077
19637533383719412958351923127717900916737983228205928828275186473730450114195803183737625188622961745991228243292535978152213687436040204693690338379
23990447763665527035472322448518744802137588220694758326089260852978828163167793548549701206423210540622212393259534633204353374036300191174261436001
2665245612204121270873084016229825384092998114151341182195272193989047536208093392241408227533398536030207973445839158212953150838420211575369633674
183821702222283156131702243743239884743924593147993875949120123693212050022230433466837986201753476536487214483379640198205453887736845326015821649651
18561268135411283043140734418189296520428805149963146944040174153340646121232883554336682167063581339441219683015740130278915556929026204083644934798
14557148224121722037331933128715646356402540526949318183056415357293864463524827337103551418661325823626720579376913563634797677644993511199949138807
243302975037787206535459824265202963380639779196353339950572238753411734852201513219238806240483242736800169994786036050344394305934868150111608838588
247194518632706209703796221525182763250146546194623343244891180423625639241219783293338563207823077236840223475250232299293833953840079151321523340168
23986482493233916537386033585017478311733771722100315644729221762365504064019411325563801720947328843907220042413503619034586377742566015862464635820
271314278534221135713659032521124363618946380255903468446576207603624842662192532984238506210533602034862223697076776419973251583688718279772137228
248554880734976232703749634146141763893036819215023102947696240713258540123204593450438151190603364240112196993999338385179054278150541148161744239960
249453063535227212826776441777169993709433104152723008140356201593043141543194663668840396161153446839232209793891936025205294479047216118171156035220
2791730952345054969140234223619248243682959220189323105092122869327653900320820349513992621681312584134921293343043872955586676372979168602162331022
19054247273776720426474353354058063783141371182722769346099283203404340667173633302236474198373032238560246733736235658277543719334394175202255931206
24491244083242413491450463103829375432422834314101381974887223284346464078818814356653567418552339524040521475316914115925089380613730922363664454437
47251718538265248732716135025173016041130367153363204046295254512878449483254253752540889178583625238523218793245741466244963066238588194716153359065
2449200004269118275182763832224105544363106594603306634871235163495542739216663301241901180533648842434197863252441754217033236741801212154129434853
1318240753484272294606034094272144239437526277204278932777133983714435534199263297147857239943144343822196463800440924228403221440102173304289335033
14652433693726065561443239775339273328328934232144352732496105193820740416183563119748896245733435641841282303249535972221063590140640227614399633613
208363818239387164421001935151300424512831475161413789926179134984303351743265913413244130172013466041234220673236440904209943793836790205665434734643
163592755939424166672114838811212945564533612189163545336867202553306647322223293582545245180083342940302218553354340618239463380239977203525391434664
25721313673928221230999830521191564787638729238073863132986152933365843885235814262145769199583531538390224753215242395250533344433917210215253233699
213793365942987104331490740528248504173531484237463727534257227663312838962192573367945447203203549735435214923149841167204934206340630185304930733026
125172320938955246192671835152145854970926023275102960847842255503007747359185313450437223188883644336266224953123340370224544142137371186345156737846
74891175241113271463745134703188074054220513215984304451149253063289744676227033526039891220573332644593226533583737591160144074735966201085155536515
9224223636434302634933329318139533385325725100933775846744247373403543830168173823539149200663500839963207423239541956148114674038791274586551132464
3704445335977275783891534617176203768630675177563788048243203603351846811184273737537869214953200740745204253729143789158024348733563203245011836242
8606223635181248773826533621173154199331526171643247551265228673311943520181703364436544197473483639658222532839340509214183890139690233576013133386
18239102573074321036271274367422364675167764140373826330016183483331854460225243552444641177793437134110206063596937906209553717341813213853420243415
19648435973463018235289283370718371654040510215794287832949161553902822743162333916657077256213105143355188253612937964237233254542572209353713133670
16986643323580417277956833917287662721935808234486288425433101563519041979225123615548263185223461539301210053422638028229612989042521218323883938229
2316567764454716891944037348224763674135804173754954525446133663447648619255132768148895169693416841352175813783537980242653062038172251053071839917
88395695434514210952072639360188701673343232137494395727687211223541739220229563014156266221523073842280206783332539044207143656738075183684168537248
179296397744056158361227339304223702266336871241274877930692204373521727725191353478741030193173245450818188003493634885234143169136568233323092242854
2070741114292012129150824242967717358546507270293924628839152604230515530142643837254876234862747639002172933517342497214563153341822229043376630740
18681677253672617998892934415274652835437785180426699333489182283272143378221563899049732177503516939903217993139340234232373310340438212994876632114
187953079725368136081371941266183594667425088219583512132680209543445450029224193717837116176753492338901211813180343500226133642339114307646580735679
194743892432074145331253736638253594701327019202683338032414211713988552545230363767238905200793638642638205703523343771224943948431335155224709636265
88051223038403213993711030687153233407027296232543623044640185783635546648242643220640754214743354339460214163577038126197515398233567150641065128993
233502047636533155605126534022226643334739271202963176848731216163548541393190363454742626210943456243093235103577637269168745743435102198141128235254
246702137335794184846100232286165833056436446214713318944268195843560842249192603417436557204823217040801220453126243900206053884835816215595914238036
888610876390882329439118351221616440819354872066935051501522227034654409531773234451399602270734238438171404542434370022283948825340635510962539104
259603619237033199304463827374186713407247417216973407043217184243669737617202033468137996218512825244389240353847139206221206759727132122911359839529
238173105237924182704922335259146223509843968233323260044734177423661238493203523258139783221203014144362201634277037386221865465127965172631897541363
2439232659371071593942035327421480034373509292495836025428711746435975380451943933555426602240432022433362571252155353592256734764420849367646643776
228563322235728158984373633218179653432946889240773278942159147793697742807196623160140028224213110646134247444397232427200934962726836125581085145529
2462434356372061486847385288051973439293496572516336519443701888037712398912132534449425332222132983473352350641533308522236476372236111211638447052
2473324026316364495243716239416448343984349122724342264459719952364843909918366349484239121161333034088623644391053915622365578867516118131044131775
275392571233432220543235132138165833740339991178623323647815186013460036291218643280941682208853725239404154826177932997161932328031829267272365736015
16474473983031015887321773590822305358494651918798362294026520279347804180222395320374301616939442063348514612493493084916139493337601252974465932916
133783777032259199013631255189245163240239498177663501141749216793345143445225973995538170212795510436569154722798937810204141252337232216095160929611
187253566625252210953308451335251633082439361181853609539511217503198744414217103570537558180855370727016182881668246508216313251340101128515270726636
195993560447701242453881450426200993549244124209053491741923249003535238780168255390431835270582944444778195731250340697169875950327714210373097739766
24495327214984320293347494204822655334884428721386338603716926468677642434120496849239685229761333432914172455170437558157732745240261227652728044714
18669351784369221978314354357823551328604172016751439953500618774412614786015010975641849228723956431778167764065531867199823482950783219393294646709
190003652440406216803425042416233453456345153193083997540737212935350433885190022668643606206041415337409163555725033119185143133539312233573522848534
218933362339825186423644739942206503298841886213312910845349237143636239042174016112034501246392593846197231342056942326162564682633173213133359644825
224423442750006237143409540261188973250143199233463475745970199894014634229224424760134515166133101138861180852231841019240833980235118179183721041793
236293516138259200003396745262211873195439336199373206842813200153343842762181665162632582184742576538443173361116640109234213266736399157654231637474
193703311039046203433438645366196203538840697188873490538137210692988044609234313457142445235774056034528207364717434203155652993941635190701707239049
245714468631584171184302830550152513239440923213043327648540189963700837961198133570239984212273502742231228093078643614255504248933978203664941833139
16807801643657254653596530195176054261929359203173454648059203703332140465194483690439350189923568841603201123601938244195613393840974224823008349653
26221395263533411937630563145218923217864360819688196394182121155455913016018984409473344945833469035207216613312641845191373296937655216523121145895
26486411033683819493439993051219037340943685813112642343554257723847035963158315939036313230483089943888236523315745765229153218737642177453444341571
2193234313416151938434528400971922845281332911981435413376715198138334297121676378893193416955434195132147143905848947204203624750314197623323136050
20007336863855621186316834257220796368083933423389474232912921561456923692965431146445727229394054831490206244088831360195403427543440181753372748145
194153598036801191723324738465225913205644298199153847335167159625820330005169261854442499205532581842671176225372826329218983334834420195403188752747
240523214638917191463449940857229743604439880190523769437753171935635639038115211515637280213422150640695260673674931706170763750836189234723111341813
2307831693485322366131769400482020832255434781886537480346321807846719354081954748258333129760988543172227093514336779173034894725750204242908737096
20606343975212123718323174011418002334053848421454342503974520664352893682817471516013422117826354653391113141794141914273235826724683131873816534480
15727363445061625045365634334314326366043537820159353393803920169326374397123518331723801118433449193131526389376133861310915557538276244003972933111
53383495612236186273409146810229203476155795163873573235189215283653735961211603554541833217553261943692216343204340579225366177530026187332592138560
176982027642309205254109332805183765340931222224162837134629200483082449387232113199040374199973401838298207153337742960192813828338370216653727937980
211274915935349186913032932191168841427543745229684005238346134075689036464187863441833116144573648149774269613085737804181513242840349188343393439568
220953505240949195724243435349152615342134501143711028347077285283494332435148593701533548215474182245360238893128847360201723534442130146883620840974
211153458140544227433302341330277805845627725140142483128225230642616946220166144619129240197383705733640238203417847863197973531746861190393456437468
2057434570387382171033580424152314137743374871605858089384975631109634195627436342534252117159469112600516734290683042486454443150848250122732641144
