333973930850494 338403928050099 338153928550133 338923922450117 339743914350057 338853929750062 342723922949870 337503929950044 338523910750018 338953935650050 
337433931949950 339173912050170 338463934249968 338613884050032 337383985849960 338723907950117 340663901450045 337313902350025 342723903949785 338383923650033 
337963916350130 338513922050047 338543918150024 338543909050014 338753920149994 339143917350025 342073998049678 344134071149512 348154174648848 351244192149129 
348044242448812 353214277348544 353844367648046 352064429747779 353894382248344 353964410947743 354284449047447 353834493147325 357024654146038 350794792744191 
347544901042462 349104919442422 351304973840573 352185046640124 356075033939976 337455233037025 349444944042558 362564688444847 362054743245092 363934684245450 
366214681345240 365134676845494 366634665045842 365904616746199 366484618046094 366034617146215 365814599046237 367814594446185 366014616346162 367634589646158 
364474641045921 365874586146275 367244574346258 364604610046254 365744611446562 365544588746248 366174573846340 365544577746426 364874576946576 364964580546751 
365394558446557 365434539246585 364834551346619 365214554746624 363964570346572 363624541746677 365834552846537 364904550746729 363834561446640 367404563946637 
360574554746699 365014551346690 363044533346887 362444550546769 361374513547285 364864490446821 360824512646938 364404521846876 362394453647430 362574420047749 
359264372548063 362824378547932 361074356848140 364414332148257 363334335848325 365184281348451 362764282348637 364294263248646 364544248748552 364934256948644 
360904236548794 364164240448870 363354226948775 362984226648893 361374246648661 362574225149103 362454197748970 363284202449046 361664230548848 363754197748926 
360794201849016 360474212249166 373204203648075 356964082650190 356634204048951 354694233449272 355644195349139 354734158949294 355624163549194 354944163549195 
354784158549117 356534173549231 356204335248032 350514597848766 355604189846458 371923964545103 352034452244840 355514552149632 368684158147627 319214455146944 
351223781850098 357343957651516 351603856849256 364623769852440 354963571253424 349103718951926 334523785048635 328333113043522 303623658754272 296262879053002 
301894058145580 236423965245839 385533601946976 377923749153444 426823720049064 407223751448224 331374263246289 264434128541939 325474709145189 254764773639264 
237844757835326 184944101232632 234133686636221 210124239340750 175893615643553 192444320138556 155944133738784 256843248936098 252543333036924 172113594837869 
258442658040582 198612070020403 186242878230558 205422976430630 203912853329787 213112901029457 265572742339949 224212440940005 215252593134614 195792748628688 
217222674232859 218612662732910 218722562132762 210552634033382 216052663232885 214672670232690 205822624232355 212062615533297 216192623233581 213722648433196 
201182645332973 210492619133833 213712643533264 208922668033588 212822586734062 212462641933062 203972647634060 208802605232749 217202628934000 219072649333513 
212382675734251 211022629233255 215102634834198 211522671033814 212122630433861 212532628433629 207212639933851 217582641133875 216342673233961 212722619734655 
198432633434287 212902612634426 210592660233265 226622585533534 219942567632946 231992737834301 209322665532589 246362520532112 209762568534615 233952419834240 
207402579036045 208372308034545 198072575537379 194952621933829 213712646433629 223212785833791 195452824535103 232712650933714 217242616233204 209312626632917 
221142447233174 224692579736478 215502686635269 233242884535896 209702741433312 212172534834738 228512531931996 213802629837669 217582427433076 236472417835976 
221472692639225 211222685631746 231372187034817 188292733933886 147042707637944 234592682136882 240522433431635 215532660439376 217582434532224 186592739840945 
167011357335191 230872380633550 232002520333112 179642459433641 305683193539537 206292523136853 2584837897 214802824138138 199412996436303 230153294536386 
210502576236686 212132645136692 232612562935094 219752654836236 199472727838460 191972714442785 230792876537919 217252314233800 221413013840530 207572675536604 
216252925838618 206842432636017 232532807734690 174062539538772 125572985939288 251122401833517 223872534637179 223572874140736 214662858739329 215642425137658 
156632239241998 229122753238996 182262175839036 207222554835335 238352576236496 228792712439864 208552884639248 196752611642031 252503368638286 202092329740779 
180542432640243 212433053546577 185422601138355 191522240536455 188322225540683 220992947934593 238702785737466 183533034036836 229852504234196 240882595534728 
220842899940238 208472705037952 218012778638161 209132816238638 208302733338984 211332703139595 203882797639399 233843390435635 229123300636679 232562898233536 
243613425833402 188762884831610 204962815435827 240443009536423 212682600036574 218952747839614 191902722043017 211532612536035 221152477139335 259052914633557 
208653034543845 190652579638706 223733242933759 215852894537318 266353144832285 167532848941409 174833006838950 257492537434072 202032671138911 212172852438447 
234652955337304 204302796141070 218812923935914 268103767635410 161002106137812 187502697732142 238122540333315 230322845639177 196942667237119 220502594841196 
252772996841519 182742185840161 217322581934895 204642824942879 207002746636569 208602802237325 250183610935659 210932964931109 202512979135156 175182793138478 
207692900837291 226102648437848 226092489931302 224002966240403 214022929738118 177042439139942 198693215537230 175911922936934 165922196737753 161602920834886 
234422630635953 237072744136485 169212832638290 213473137239785 188891991940575 202112046735251 191602485146121 198872709837775 213582973037366 217952137135962 
222952814635811 226522842939442 220792795238372 226222474733454 210733085440036 227023267538379 269084104032002 201442564938826 252952809937493 147563021938019 
259402836035094 194292959738383 203672992542018 207033273635793 254852590429972 289103263029272 195563151841665 171932334735765 246432842128223 199072836742254 
164163336837075 204092814035920 279922535433666 204442827929708 189963486728590 231524439626341 294174860027713 276215153431020 287365004730616 306454785331405 
341805161932034 317925060232314 333535693634937 349145083436165 