207244602634375 265624451039926 206474251643889 185473743744704 210683908243076 186063946041871 208573818838914 207464335939173 201884195739362 192174109139205 
194173979039807 206653847339906 206393762841420 221474088839345 218524353738860 192794558538886 209464526437669 343853036819519 378222968319214 363882840118604 
363992882418297 374622838219236 395692932120107 383182852118853 368642700018717 401152900620083 386442797719957 350052308922437 348822385321646 351162413621566 
354322387822118 355952423021946 356032418221805 353052390821811 352382384421759 352142384721911 353032388721779 353582398021839 353852396921812 353802392821880 
353772394021892 353832395521842 353552394921857 353562395721845 353662392621873 353662395321802 353732395321820 354032396121891 353752398021857 353972393421847 
354142394421897 353552393921859 353512396621865 353762397421838 353922395521849 353792392921854 354062391821830 353672394221938 353922393821834 353842390621912 
353302391421843 353782397221878 353702395721884 353942392721875 353372397021870 354142393521867 347353541613982 381002098720692 390441885517280 447982053019521 
419892304224419 428661731024466 417412471328143 429432250326859 430972200026727 424192433327047 431642510924582 494544422128057 492594406127532 456744371429110 
476324678029455 452154730026593 499594871828941 567272781447637 538993592343354 450503825639973 361164164141593 276202728744755 259782486544349 299192257844613 
301032720245525 264243049845771 255403480849435 240592781846582 214343027147705 208633259146957 231192820644850 260713618046378 245733767949965 232922874445104 
226332490443044 256302194642762 275502719843457 266243047243667 256832660940904 238872169337222 279943432139892 197143035243291 198462955642906 223373008741544 
229062769542726 209292867942927 195522880041951 213172773443104 226562846243721 247403044244895 251252688144482 218462771140803 233673218839820 199953141738886 
176003218835227 189623471636563 171863578237933 169533678838669 208863978937306 227884290540671 253514672342170 251174569422974 277593791112672 29798331818418 
290353276210716 286953326513765 298032886714931 309592589813871 286912595712687 264093125019220 295732828320350 230762924521112 213263018423423 227063077022680 
235682730324976 216772905023108 249853297332267 213073158131820 193283111230639 187233209229493 176263156729911 273943641025127 298304154232046 242093184133279 
247013059530303 205663108930830 169333346830719 138803240431226 118213317232333 139683376431549 171743330830156 221854239538568 189153030532182 138882880732649 
85683473135534 61353375436416 110893126436850 143893165834156 233113175832662 147422991331882 155553250231790 176883293846709 181213458837336 189193322435396 
175853519535029 181453426334314 195853479734117 202483590134210 205313590634499 196443529235087 191423562536151 189513498435206 188553457034599 188653652534131 
204193203637804 193642937538047 199122932931894 207702821832253 160942617532791 220812853433799 209712676332514 22432223646945 162962272745831 263212701149067 
270333266743448 251553155444214 244613032244558 244872849344523 200912586344855 212893108948087 215153230348684 198102495640112 259322338438809 247362798039371 
428701723752088 168592131042631 284132517743415 304552670942813 270622204642712 262392237842036 285452260640899 289472580844383 299892298345905 294152737745417 
259722708247534 288942749847284 288112586345524 257992559646120 270752459342701 252172699246971 275203019547112 304462733847191 291602921047539 300983138246815 
314903210545577 318403073746409 294673222350676 307803162948833 338692953147571 323702711248166 250422323455871 311102535747327 296102777449597 346412459645049 
334372530345976 311372623646474 311792760447845 282812861650588 297432888848009 286203279847680 293262861046999 282102966342173 196032661145130 252323960942571 
257344423644663 210453633148548 224023291349163 239192092145027 367982170744126 303282774949759 349452767249095 185892827833009 196722712436422 190062737235873 
211102632336914 225292622838953 236512740939109 239252685838231 132892295140073 237002585337801 264462627440278 275083353347508 272683766951350 270703493848103 
275383465847658 266853353347700 256423356147913 247693429148205 248243412548039 256073403647496 260903309647435 274792905749515 265782631252847 269883074250538 
260763447348029 293383315544117 344733462440390 265653067039875 145353079443599 175173151944889 206203299243518 186552385443384 159992504641949 190482821836364 
198923441038342 202413787140985 209013498842641 201783189741748 217223059442770 214862996042954 215113031443106 177943054538333 154563391138591 185043618539341 
208593767942815 202094452040445 225343912147758 176172895149233 248923153848789 270012410444303 207512738939193 192263013240342 187273020139092 189683012838435 
168093785144941 195444251239888 219004333638164 193724118336804 199943783048801 200873428250609 259802914047862 199113037941155 203692965540919 181483282440422 
186273643739787 193033534940239 203963797241952 179474005849843 236154073440478 218303325446454 222533659740261 216703011038074 179483173342153 232033232736596 
186543620841094 157363711739663 187343762644611 205893828644812 252953817339007 216533098043118 246063223746108 215383200142458 205353196142444 180043281642742 
210083102739724 192553147336682 198643544139125 174803745738386 127013672944974 108143535848143 180713639143922 208533013740302 167952979640492 152843438742662 
215943450642153 170193706143553 180883721549484 181603924341837 218863866743072 197533603341914 144563352545905 196092956840292 200782734536247 180873428339222 
183153487737872 182863516839426 201833869032767 169973981143875 152403449351322 152143305652858 208783400149151 168862872838992 204773105835732 199883391236627 
193413633335773 205873875840171 224163928434471 208243851231143 210633662339883 152983413646089 229433508544114 209243173542569 197113177340528 194283198439425 
158993247841152 198933251635845 182003652636873 174663586241587 216003957735109 219724287235874 237383728736678 165753241542300 202962971836221 185913416538420 
192593794834471 210783622834957 205233749935154 187783768538859 141323842044888 149183559348796 190933447539305 180643272939786 196933614834221 219423757638075 
183673711441659 188913546442082 214583727834979 261254166634794 237253989242322 183023600242037 200633212842434 192423210637730 153493402635453 173323939830398 
207274083835401 143694023642721 126983673853215 172403582844821 243473864534934 133373038452446 217833353042120 168973649738950 137333773145866 206813530636807 
184643765038176 126833957942599 253434406831138 208693537444812 172143695738984 211563316042175 143642989441220 149043690040733 200883751232750 217473844939370 
140483904344956 216854202938654 218124452435804 180583639041847 207573352241176 152803276142091 155673097141453 191063307138751 187393870638317 179873904344895 
185564048334868 249494422833115 218244475233307 208773689839529 197792839544204 148923353942483 143633011740388 174043890936361 176333474936816 223183472335459 
203413738739329 220414128640433 238264296238470 233924529740153 283693937638925 170483438043592 118313202741947 175803335036286 183453304628858 215613860937039 
193514118438461 158833974844358 141294340343321 190663223344292 231253393544772 143902983344535 145002713942754 191343878236564 185643903942084 179514161840203 
201573844739224 211593906638166 320454723237460 213393624145139 195462804745346 190362289544580 197372699244119 191193548041077 137693993045267 199964134038025 
151373819046694 187343711945552 229983222447296 165153203144938 136243071143433 195233063741929 245943034141116 214044023934282 232724050333851 214684365135494 
324414747531849 131762813052438 148353517444679 131113261443555 219283073941080 236143006139850 226103481841306 138603903839833 132103819742143 195043974138278 
176743246445553 181573283343307 116693255143198 177403127340551 222943283638813 226533485740592 225193689638026 173843369243580 261523441544662 206723290643401 
127423129643978 116883131042571 213823012239715 231393484938926 228603841936959 229644063636865 238563721437571 205543406745509 158383153643624 135463164142581 
198623265941280 237893285139059 235373621739871 217553852738674 218793885737886 208243830237149 179333802338459 226594558538063 208373339641249 138063287443223 
124413424941738 224753370737771 221683673040305 210583999538369 228403939738600 228533843238144 211993812738815 212883577049073 220073636443054 188043431742162 
128513484841735 150713680240767 206603467539879 240233638139068 219083879138799 206704068637616 219204024336504 244554273829816 210473958139331 222133602242945 
168773313243620 104293109643491 164893247241771 226343449039827 261473711338133 238113889938348 196454040638513 275263903245889 262263691640735 169723677741693 
90883636042554 159243807839733 233373602438834 271313818238346 241844083838338 223664204738354 232224021537130 227624009736386 198683695041710 204803441339277 
78113674740800 142633485740249 212703388739775 217373794540052 224613880639020 233954032340095 228184041639872 212523399830844 161613909938708 197683998131545 
168824179637823 162704229840885 262093428742981 203783246343482 180072917742311 169433038641860 171173213440323 157403952239856 187173579540495 197233878039557 
195883814439697 167523822542913 210303721541630 264894002540290 197723365042806 170632955040562 150713178240181 208283734735413 187323725132676 171234079332816 
184074234639082 176804350849497 253354473541368 229253056444604 133343270943951 143193314943623 203943263042620 206853673530944 220404189832819 264904083928819 
196054355132422 81842790458164 317963692034013 153603331243120 126383161343300 191923138342678 218843302141343 235263577332167 191703848844143 220444216638800 
189974153038697 310704866326656 214983874243492 175963285345131 143693348245208 190993509645099 241593322243448 158243390335352 245673804435081 183483863937908 
190984254837397 169714116141283 246803506945114 194993498845143 163832932245285 170012984844279 190233271742493 173193687937385 197004145440878 184473822741598 
186054171832909 211904600238634 231244546235860 304694234336122 184033288144096 124963345244235 175033301342307 204934024736793 230403537432003 238794019638435 
237324497532480 206244437139186 170464115245637 220303502545129 139923430345279 134643177944340 203823217042533 169544068139558 199943611841511 184063792833299 
224593952836074 200364087136490 230414150137160 249344364334349 125693752740580 86473058541024 160883205841983 189963031440448 107863756542444 220704326941851 
252243725935531 162943875541616 164173847546369 183434098636896 162502983455811 221143664241075 121643330142148 220762936436864 159893834840922 226083354033994 
249853438232594 192383831537297 203203973930598 159674128635915 234254748323655 152193246739039 199803599940361 195263392638848 174194346141715 189043874539900 
208513377336116 177443853142258 210624085137416 156524076940780 221213987834285 228224330937351 214213772140347 173233973640708 195653598939184 197423858840154 
222023794636885 207273902834868 237723926033278 254544207933739 197354495532410 159373890243017 229323859940179 185423745239218 195133930640820 200453544239072 
216683441636882 170043672736571 163153960742561 200744334533850 123463508038489 211943982233489 231363207340138 186293717240686 193883165838413 177383411038959 
217203342236706 221173558233703 252874007530582 186604135841093 197544010232916 132803147945185 215623714739452 202883727039362 186313307035498 190773827637646 
202574219544583 212964079936661 163333819644662 164493905537503 261154458134215 270264255230957 166823714141343 166913511140656 165953747637364 202973459837992 
182713509437751 219653600136432 212553650339577 158954420135442 210524264029493 253014013432694 219903217344051 193093224839314 188763301238007 190214223740580 
248103735236193 191953917943244 217553907434199 196483660834700 123933422143086 152573437739220 210253680140603 171523882137225 183993378035799 221013470234679 
152884106241026 266103792830438 174564003944547 217084244733848 274833980631702 127073995236030 194843660339791 152324045238337 163194674939233 200173822232126 
232724012633039 195364353936595 150683937537590 217714316330355 228044130339440 231153768037730 91323649841006 191963325038796 136413955042431 210933513237158 
176343998738905 161793923241091 213073992229161 170333862939155 183863399737103 157033672040385 139423403541885 209253173234230 214603482133658 142223597136005 
211433581236684 133323965241079 177813574337903 197023977740755 159533428550406 198483497840136 119403322941582 171333502742659 177243231038173 221743404729660 
243303847133083 233174002924209 139533386641572 182284061737819 165143880038910 144243089539244 152773031038399 207993778439197 169053764533511 260243969131497 
157383176845948 193263679339724 246593610440556 171673392240258 131103032540431 166952816639659 213193169741342 175293865538403 192573948735159 138073290646017 
195252963443832 163273193740611 125353043041241 174783016639508 238672967738593 223463440038972 214163831738072 301954390018088 178514267734003 92693579944063 
200743370639699 144283249041369 146482992239390 199662877837641 217353266837511 216623484535849 202843773136408 143363923936524 96944229042366 187433462347720 
169043589842438 117893209943941 180152908940899 234082943040530 234993238239622 235723491938331 216073702238059 283333855735777 226123570740925 234073996838674 
168063489741193 143263257142319 170813086839789 204473149538084 212813401238513 205833619437547 210393921236539 135924000336312 137114320734007 214704534621984 
219903936537815 177923481740040 147643155739857 172753038638607 175793309842018 204613736340277 244363664737098 162074427940644 130063463644733 235813952822761 
102232703950280 117483825337259 137343440039709 150813201439711 197033508139408 212073513538923 220823681936446 159614345138282 195694122036335 194054015938311 
141884196639222 164303566143572 209633881035930 169253583439915 118913322640835 158913194439129 214693213439102 173183756232570 159433820336921 220073897636967 
232163856133613 230124169435423 147904227334358 176043470235005 203673670739004 150523480240401 124223422139937 174373436040796 165833516539031 205343255138032 
224603178337159 148263575836714 207303798233278 219404093935316 207903635530716 176544046034850 205004117238303 230193203735922 221713501936441 182393589036537 
230193487136051 152553963139716 187633820339496 174363879636779 231103876129197 213223878934865 176453913338616 193813488638509 146403630239045 220463306334344 
229383539335564 254073449031428 179833792736142 213723956536079 147383369542057 224214166938519 111062861944029 177443776336394 203323179632422 213373586735593 
258753296428211 211253365834660 200263801841741 223213809232677 184413960134242 181843712840045 231392955741057 203763343431717 128123856137651 261783364427602 
237214030035173 230624291325922 217964272534496 172633902138216 151403452240753 192653369738979 124293549239869 156584334736267 185254128139888 221673646029562 
214453660534222 174624396231762 218444155431370 252364053727662 139892659845913 183153123340877 136063409241804 160754054138883 224743603035121 238983484932060 
176443841135403 154373660840530 286234156230086 157913354840679 266764197227535 190543438639563 150153284140305 171533580437095 180733471636578 238723296731620 
98634144843228 262443847531451 165773838536558 200123891333920 117322950444940 237553882134309 175853304737788 202433720935784 153644153533108 177483989537727 
196364182237857 98784263038875 220653772127652 207593722636024 181583377442811 157113687141740 173463781537067 179063707237298 158893819437441 168173991236341 
215933689432507 181434274438783 204294033835664 174033945529154 165573998640352 191033650742256 277903948933345 191833615037518 186734042936528 180553818836677 
194563746936135 193393836436286 208253822733157 165034160847952 195913844237380 214823657040272 191113772635011 204043627539302 207093890036558 187233673736904 
203203638634694 184593432035336 222943699035174 150393931937828 148303897636610 144383607037311 210453719230370 162124112836808 209633803735989 194623845836817 
195163857536760 169004047537319 147373917636404 159423956735775 151643896238658 201883705136477 133003500537983 172773974936201 216943801936047 152364089937945 
171174107634806 214364027533524 223894144135845 169664199337165 177074152633027 180633778037922 159364015741701 189683499637127 172533998034417 198303962534984 
180514202934425 198573609933932 179994078132969 158404330636452 152704461735187 229943867826888 215393898731251 161673856834824 187633403136888 174504347636800 
173454080833084 164793983539567 223733740432667 169563942638425 240113695638664 190213607035933 195283489838695 165603915434521 174384238933227 192884436534808 
202613648237786 203463691140593 229273257135647 246813624333781 220863655933588 175463590439630 275323698434986 174253577739198 162243874740427 192983555438592 
174763165538288 184643202236627 225413446340718 215483640737913 197253550538641 217583880836156 138393688243461 206483573137850 190753646237626 172243586237689 
189743743538419 196533602536387 206723811442121 222883737230363 224833921534759 98213852146433 96553565747799 186423508638154 202903641037598 186433812838005 
172174023937470 238893719637697 207113809932098 157953721139551 187444151732648 226253711835885 167953517538568 191313784836743 171493848937296 157263472636311 
181923497235244 174544103637460 198343950838107 205504073235095 265554027830581 218273652139634 189063567343472 209343999437155 148263934340612 228993498029956 
