344452491622201341882370421913341642372922033342852377622079341482375222069341532385922059342032378822044341952374122042341512384122076343502373321975
340852382622089341872381322031342212381922061342332380321980341472384421931341662377321984342832381622026342092366622269341712387322295342592379122012
342952403821739341912364722325342212385821864340882386622011342132380721984341572380421814341442380622002342322384821984342552379122006340542388421951
342502375922072341322385121907342582379322268344252391422334341882380622167341772395122013341992377221869339772383921992342172388321800341312380521944
342012386421999341932381422037341632387321978342572383621987341802381822056342612388221961338982424422581341842394221860341192385621982342002380521925
341922380521985342042382221996342252389621931342132388622003341892385221946342142378121830341912383121968342092385821971341142385222031341662384721980
341702415822349341812395222006342552387822062342322385421963341712385322053341352387021840342042380721938342752390221999342062386321951341532379221953
342002387022023341992387022011342012386422001342122381022023342092384121973342382380921933341852383421974341912376722019342092388221996342382385622001
341662382421978341872385722069342082380122031341402386921998340741988721434343362420322004342342382422026342112382121974341012387921981342372382122051
349842402522217338462266822545352232503821888265282980525210296422451925747280682558321199338151883328436404461781431726353161861535795361502438533281
351262302739154350192072436273350531985040353266453469741358264523241047045246193543047054205223981640762221383891039930211314196445088221523850840967
254953727946230214963792543700228053714346357255693683147771245893689046919246043680147321245463653646387245373676746888247313686546867245203678546678
247193700946617245583717946524241163745646250243213738246416241473767346205245653761146209243313775246450240663799946154243253775946166239503773446459
241953796546232243233795746232242803820446271242653814646247243323835846042243523843546414242483814346457246113852946007244813832446392248403794846768
241153844146087245413821246560247653845646331246713806546549244303868146296236853857845926247493865046320258093784047406247723817246845245353869546356
244643894146325248213882446844245133883846363250793893846533248633862946525246053911046883246043781346905252533763447055252133804947101249653828546792
247983857246631248133794946574257433773547031250103806446781249733773846914255463795747249267883589746833263833824948056262583665447543224403935442790
208313853745063228873548043742208253811443879217513788847309229223696945868220193679645123236653747345416283633464541506237623745144209244763795846928
239323768346275209533669046089239973557445271220203735444798224043885644566233073785146135137193192945111249415350849938321852332542740138642986437563
243753199951932380813078144952101923561645587171262807542049231823617742550214423686745187207062937344122170253564857059124643859138571259272845544561
5327236407862326041326154037428876356894302296953347431211274112867641814249363741446839220123611442464230543470444410215903702041175202853110141071
43646240334376512739350893695624170346644433122838271374240619835238882629192934228161581176804132334105179053572828291207882915339734199893240843142
219543898642453240244132139780217422749844031343533251645523174944237837420212283469739194158652474835299258343246652377218873509035561172193067132276
321712763948278216573751940757217933399234307240022303255829148723261237851249544122735133945634599294822418406095762932782321733223999912952645445
19557274503828823932353834310322870401783751322551279704076727274285124636075504758439181240373355242714305742290533762176194145658677171914339542308
18071343743089820817285063802625431398773809912165392964338922363996056373105363561841659202323363339163152582050827616166443320532809213313770046633
199563523532362127023105734171243023518743080206353401739463186913090939830315601995355192160854072140848219623520635153183713246929930282773006528472
1989734486522614494937422360311149730468326032498736544424102040035425401152429625679427452900432075201106751381173775732061341684511923841454838009
139013709647400197443411137071243013424525280196892918344402176703712138706233043835237243223621242204239575277374685178893656240691260273456748377
223592411635661242463365032807169723472558585267933088736902135123279731796158722895036005226833177239610169123595240390208123997740891240983167139528
1423029461347872696237611541211793747901385382205425638396841101628269375961397542628616512236411935788482242496238097158752618238917234573209339231
183343775434257295372170641356218843266236785146784435338426254622623337009757225322384381868833373517332371401135347824722212935293183822091935906
19483271373887226048330714060822359245233863027393530753596123713250033620255833343643588249782698835068226362498428092245852668539734385401065734293
345691898435281319051758935018340781879133624381522114230677367461759930845392152223830834356701510734816363961927137906354522060838539360511912438695
361511923438558361961913938513359881916838596361891918938689361971912938539362311915338545360971910238510362311912038646363041919938743362811921338783
362041908238467362321931838728363381914838339361261924738554361541914838411362381915138625361891914938501362481917638574360761919538636363251915038640
359941910038656361001915338543362181928238713361591916638613362041917838644361431916238642361861916838653361971917238473361731918338611361461895238235
361761924538765367891934039153361821915638578362721928238747361501919538704361141918838803362411916138632361711923438740362141913738715361381920138773
361871929638674361771916138721361601918338679361781919538784357521893039035362751904638422362891918838888360561912038706362591926138627361941922538777
361411965138468362831933139185364651936238804360701917738502362221928438837362241917738717361201914938638362251920238573362921936838720361781913938749
359721892038608365311942838454361711934639124360921915838749360881921738690361941920838642362881920138752361171913638732361821918338712361741917938653
361361923838723362011923438689361881923438679361971916438707361511920838697361651922038737362081918838692361531924938727362191916338697361561912838701
361901921238693361371920338768361211924438660361401923938707360741909938668362881918738774360911912138693361791926038749361651915938724361581919638783
361721921538633362201915038767361001924038762361971919538784361571918638659361671926438812362031915638699361401922638688362141924738678361411910938776
361751915138604361441920238602362841918738745361271912738684361681914438690361871923138782362891915138745360931913638716361411918738729361251923638759
362131914338746361831919438723361371916638695361741923238767361241922138675361391920338711361931916838725361691920938742361451906738657362231913538706
361581912738819361901916438694361161920138804