366252245045114369872289845211368642272845119368182276745049369072280445133368852282045158369202284945111368322284445166368802279445214368472277845146
368322274845104369462281045122368262277245218367662286045232368242289345454369042283745195369082276645129368302277045205370042306645376367782270645106
369222277945154368942279945060368032271444985368682283845312367122280845179370792319245287369402281945145368132279245183369552285045130369332275945084
368092277045119368872278545138368932281945219368172282645119369362276045154369212285945199365942273045279370362276945124367972284645215369322283545171
368012275745186368962275645064368412268045097368272286045145369502277845168369012278445077370462309545353370232317045260368782277445277368852282645189
368992283245141368742281245141368432279845208368342273845107369292278545165368472255145285372772327845159368142263445130369982282545029368512281345176
369092280945228367732276445144368272281745139368192274245266368852274145099369212278445110368992284245096368932278345122369322274545057415752591941145
365432380545909354352143944499377872265744355365242284345637367162297545444369462269745074369372276745061369142289045293377262294345156363462239745869
350462272245848339342292746298347652395146439346442374946578350092367646292350622353346148343332371546532347802379346314351062368246122356512339645640
350292337446242368192258444090366092263145093362992298645457363422292545421363542289245364360102292145560362122306045546360402300345401359122321045740
364732284044917341042582147777353652457246176341762393446566355562354345608348572341246287362032287145192357682350545673359952303045578358452297745511
359222297745515360282326945696370382062442892341822356446536329382521748069385762161444445425241656938254341612275327358294642833816167278783077818966
256283840029232233624785533118236774339934980213654337433399193044158630257211194044532689205094228436155221354149436716200064233435034212534163635677
202314070235854194904188238824198454334434785194523987033422195484064636927223794079337111224193543137260223114154035035175674368333823213914256834660
199603985536848104034166140682193674029741492203744303238457199864032135309194023989137834198393815436793200544014637427206813801734398227674432938403
206603735441284190683770837717213514137436915219624016636151196683891434309192433966636238197953908635859194723866835418190843834634859193073850135113
191053831935071192253812434922189063833734730189923846234496192493810534320191173780433733192513795433968189213812334133191123811734009191253826833861
191913829534059191873837933956190283856534250193283862134247193423886034494192903886434658198763923534861185573975634308188663982235127194113933134618
194043907734521200293980536052195794005235348197634013834855187954025335259207613944435233183674017936038193274001635320199684003835758196174029236301
198733991036133197353971035576191783980834459195963926833795191403926533937194463923034344192493924234581198033932533933201704075937351217344164439637
206384232838774199254158936180208964160436402191744116336430204444004037707199044014937309194674011536800202804011636645197694048137066200244085336338
193804136133862192134079832866193443913738031220923923240766181673876734939155993548237909327183738429817172393764145870130723153739302206824108326177
189234103844780217183589045956178453767332444194574028935756111323659045310165833894036722244393988236672209914099936109183364190537484204364052936983
205244082137219201464079536873194924133537015195214128836950216094005836270196984136336787189334102134716206353910834049192534011635147198953997734711
196244039535167197014033235545191944048336113203154071737290192194028736727188213975336959212833984538327200194024837736195244028336617205154122738108
205934107638454198383964237385194613887037682189103953536559206464080937667203004102437908201864081437760205754055637611205424070537854200294089738156
202684067937967211704025338040202554105138496189044039837342201134073333928240694050125075266294250036592229963352240759244165213829407156273779630348
224854043443450242773290743726167834316929304102133980040396211013905442008195033974336167197763925837350201874212238290220083985035121197384016933156
197954115436410204894171235939199864099034898205434117936781204313891634273197334149137366200824201938808220454421227427112613790546925208313470942185
17283348453915920233521413410720273450133207719226376043078522722420973151820891396564520221176424243987920060373383530518586407173263986835079631899
22134382324679914596374613038262134220336545260803872737586253964066833945192514465330196216793897226847224753625725465222763251922387213943154423711
243483068923315247192943422703256502844822181271272811923131274042615821308292722527223142314922285922568306932191222327304542454023527320602471923287
306592209222055305852344725019305372200122454318762220824818312212169723887320532229025643317902332625043318642011128387334451809632967338881983135382
336611949433319353791986731854341081799733139343081847230233336501847131331347761866331747364041935435378361551858536208366871796134167371141863634652
372811875834337