350522064142414350432059742379350512067242387351122068142298350402055042403350712067242364350542062242488350972059242314350862058642404350392063042379
350692042142374350722059042315350432066142407350982064442381351012062642246350892070242363351062056842379350292068842429350822069942259350592063442433
348792219541754351772131942676351712085442665350582069542299351292071242551351482070742458350482082142567351242090542415350952075942578350632072342537
351012074442553350632067542504350782073542608351402065242443350222078742570349972076042576350932072642469351202077442507350012068442470350632078442528
350202076442441350862072042524352472064942492350152073242563350712073042563350372071142487350752075742648351112074942566350482070042408351502074142614
350432068042468350712075142534351672066042587351042070442486351072074042524350322069942562350662072942538350782072142526351122076142550350992076942520
350242072742496350602045642498350202077442490350772071942564350992075042484350412076542633350322069842502350642071842527350382074542575350612081442542
348592222242197350402082642772350412083142623350822082542745351502086542720350712084442800350722082442655351202085942746350442114442689351202087642757
350532087142735350582084442742350492084942798350582085842718351022087742844350732079142660350182088042742351502078742673350612081842700350822085942775
351442084142648350632090042758351102079142755350192086242700350742092242778351292094542825351472087842737349912099242818350702079842562350912093442936
351922083942729359992054241809284621763638565383772169641690347822362549378374502254047731345423706352756325933992149458299444113743216281775121942723
275954664942274288144463443863280184448043176271724607345056269604406044663260664334943647270084595345293248814434745649272404298844981256994207147236
285854478047207278284443545384268754247946425277754215148175275574161547659274804293646297293674428142527263863991753028329293384750026333023506544279
327763331147679332852506647113365172079844262334751790237875344611969636452349952037140632350262441548427351212218644445351822226544638351802272945258
352142287745303351912294045437351692292345401352692298545507351922293245506351832289745484352462289845461352062294945426352282295545488351522293545419
352532271945449352322289645566352352294245482352052295545516352122289145433352022287045481352172290945567351682290645461352692302445415352772293745423
351492294745411352142290545737352282294545484352212294745547352552291545475352452291345547352602292945441351792322245483351902287545457352632274645524
351652291645519352872294245461351882294545523350342288145413353062304245622353832308345556363772381941958342672190647210372482605148103407012791848315
370583176048176352483570251229307404080547317278574029444362226354523643735273553927444548248784184647848267174439245850267174057047532271194035947262
263614414345527267904371843381269964540544931266244503045224271494530644854268484466243034285714398647057292424474545806275804507443662274534569943676
277704581645131278764640543669271764624142600284144634944646275434623142732275844607343727269664640745968262605658343896280644001041192257444062539911
237494151441705265274347142062249384954140448271564552042401225084662644307270854651140547253905181436475285124480635260294595131135810341534425740472
288524095138783272804627133605241574794728165281114308629367221784444930648233594590631383230934597230399231464530331019237294658030721237994629730937
243624694831131238254651331354243244681831239242554645731391240914652131316246724684730643240164665731185241754678531100243704683530799241924664031080
242004671731064241164667931277241634683131020242564660731067242864690331066238274605830740241644704531567247794739531101239714676031009243484695231491
241134691131689248144786231786233134634231680267275093532350247604785232567258534890131582253784809331611256444813831535260244809830489246404709531562
248874757032012249654764731505237794753531603240084687431637231424906930938247194831831978247954662630601222054373930234203724361530594217524292430820
229964390229112225504393229547188804416628484285944164132302278825242828719371175025025017235324480229553310535215227278211794522832369215224473026359
217344434428976244824506131016210494151429716228164264329226217874320329947212604251829743218004323429390215754303629711219214292529762220204306529415
218094186728990244625281136022258274169029102206053194020186204234656243410202694149826661237334857524928140884765759388237824000827984184794037223574
246104222433151215013842927318235234115126748207284427232614208874130827749212914798439232105802634124821273174344527439190823268249623252924630324967
269074795854430267341344215832095638494226222514838180293642236677642280527479432514230816295253622575610633354713358422201399704094927065404118001
297574303045226107033750627482216263476126113301883680033536120625050631617154404486128039209723699820090136464895441714231484669319450208883758243458
243672995133706170893597419499213313976133172238003962231697208504538140389208024782330585145952736726140253183967939176158063571239525272535258730826
332234784542387134223771533583205224152734464291234359537535265534504253128281694229444691295924617146910335271585031418348801933733849341532675246785
351782300145758352402295545509359552370441793352852250045114351452304745760352282315345524352432292845273352002297445608351562289745455352802297845525
351772293745518352012292945485352212293145508352192290845524