354212294745744353332288445521354312287745367353382289245412354172292345495352732301845568352912299445507353702272545630352942304745501353102271145430
355212262945305351952292345355353922263245752353032314845738353012289945494352662301245584354132287045488352922298945536353912287545518352952290945494
354272294045404353582290345399350942320445321354432277445397353142300645416353972287745368352992292945501354012289345417352552318645418321501940246742
353688896166233716918540431182814914831205982585314140260462691516689336704547729798406641423136051384304613396305178143965233434765184713812146820
341922691648903250082800739588268802492849120315752413242704295452030344396253072018745793265272343844147287962628643352292882586142281266882838344882
292582452145249328442056544825354682522749077341711928445283353742325445728350162302045608351702299845513350982294445543351032304645623351602305145604
351352302745546351462305045595351382315745732351072295145533351132302945624351702299945503351322303445583351492308545642351812293045473351072310445631
351442304845565350502303745627351502304345631351382303045527351602303345678351532301445566350812302945599350802302945585351562306145629352032304645509
351002301545615351052301445640351712300245565351772308345585351812291845628350852310045701351652293745503351572312045675351642289145308351382305345650
351742297845546351422306445586351022301845477351272311945421351292300745498351152305045603351812299445671350892300145595351812306645584351052306345511
351862303045506351002305045570350972300245512350852308945571352352289045442351162307645702350602295445465351452307545653351752316745643351412309445638
351082294945527351612311145613351072304145574351272302645722351102306545553351322307645569351672300045528352252307645580351452304545605351072305745629
351972292945520351392303145612351122304145599351252303745621351042302445685351602302345559351492309145604351782304545570351162308045607351262303245602
351612301245551350862303645597352112302345670350962302645575351602302545547351442304345601351322297545482351842306545624351782299545610351032306845620
351342296645599351212299545601352062307945619349802296545576352432295845504351002310445662351912304645589351292304045555351572302545597351062299745662
350662310645727351412296245525351452303545631351052301345627351062298445546352382298345501351732316145751350252298545573351622307745613351762304845570
351552302845513351182302145573351422306045560351702307845555351382299145555351082305745643350752306045627351362306145576351192299945632351952305045586
350832302745659351572298345583350742293245594352042306245630350982299845569352232307445632350322303545564351592305345654351442299345559351542305045735
351252299245536351362307945579351462305445546351272299945480350792317145471350072303845391352812310645307351322313245543352422297645614351062306245687
350752302845589352212307045585351362321945564351442305645629351812299445606351782308045673351632302345596351342299945629351782304645648351072299545606
351792305745583351182301445620352152305845594350992305545582351292301045560351882313245693351952300945469351742303745541351222296045608351522306645616
351552304245568351372302045516351822307745589351372301345536351602303345601351452304045535351562303545627351492305245681351622308645523352292303045593
351392303145624351672305245689351092301245584350972298145611352102299645560351512294545663351412299045606351632301945591351242303945590351582299545573
351012297445581351202302545560351692301845601351062304645688351572296145573350812308545662350202294545482352032301245618350382303745494352902307945725
3503022897454693522123075456873509423016455693521423089455783509023026455394525540563245364523641128243494512341104236844546340335246374535940813
247614558342075259084368841856251584404642143248204457641899244394471442364250754483942779247794556842015242194420842568240434514141315250024470443106
244904493041896254954510242515258294516943539250214461743259245794487842469240134477941896260494371143897252544509643006254154501643167264184509343379
247364391143556266884342340412221554526642545256544517643671229514515541509236854501341701228814327841319182264426433450226334025842985293523603050556
236214109439013212874744130599208504100838895229733838845970252463775948891237484426542506174414393735709194745492241505344743425436452174153918844597
201314214843709229484444437612224754022737095248673832648027277163632046786219554674932700187634389235415270754305450643235513959946969241543893547270
226844771538739157054820739567295544243642496224853593341484191644094843133191263979033762238034479840167240763786549901262033909646621246104889637039
209194367037970237683924944604271993839549961224333860342232222064476940251162624794641117305474637344072249183218341089192924045143725256504114939518
199124422634778250234325642399233553754748217241793988948036207624837132574192064382537041269343735449789263823774048010221394712138091221284573638761
177265599456205376543257731103240213639839449191454260132013233674365949443227153663053171212534461440848193524655333263206533771742422266713859853195
267903908046562189754802534452191954532343532297154739145550191762955141185244373731544358277824443935773229583978042557255053802050687237914529542044
17643452913026922865395384470522092387595268622939400614579617499456053726420749433634583532571446224341918578327574025755574817545455182994420843524
258843612350512210624070241266230234890535977192823844637213262223736252935238734088746063187964681638167212764622246999302404013242104170813525836217
142024553136802197744135646990211993212050728235544294443601189534616134522196304167039920245593917150152267053577547188201874816839705232744846042357
267703324940085165434050635634185804946340330220073564848520271513905849168222614199443593247384805641147208454234837042230203882543294260553944448981
257384229744229212014761738792229054187938900212223834543527169304314238430191563990733408253933234650682256024076147180213914079240800209434516537205
224923993839401244903881947093220793870448977232954193442369212214557739311227324638848028258353782841600302413842935023185204038742633236774133133858
224173878842701314363578051493154283455344476183215790639329156964126338817255173576152733219763698946118282144543340753147224490441229314074181442293
250203332537635197914312344853176444325133189217904240641500275983648452504243993712143808222944822135573198834231838065220523861047234211944036047482
21282388714574217922423153701614579495035165932155392533857019097338384145832944712951891172014668640118202133440051300240983856550728222024273238961
210064430333570242434196145447248914109147836176073941744962221234498840252161864350039503231264600445637304753925438156218723677442583207714298041200
189934255138074203654826942766196923366656125245234383751140163814451133148181984159334718216023591845478261553833950405209393920541171202254904839224
152364307751589346983898538256286313871439671197304558737544273414194731697269994155349841247393920847781163064608933850204064657838100198483868643956
233213637147808221473863242626117064205041801123214595539240347364056242633155593379141900232893881938158201014339142596179024586731766201643813041604
315833910251567181803995042514222844946836105208104435935015197543872142676256474082849741237423854244917218724066840523226744675838281262944486444125
186753303040873204793879339801197634318638583205034582739096214983559251987188214018648455162934566737937169754085543584213953864337682237113770749774
216303601846645238864246242692190684557439772250183590846570224453651537757174153782341406167664083138770257724716937973178313927240461327332727254795
165754390547933206254635738861220653976841106190824218941490149813613258244236403452740732212734368741735219314362941745298934419542169207083169443620
258743506739688258794400442062196254426634003247453802947502311513643053873182724870635479174084222337675251593520644105271393716647755223763588249728
170624275735020220515036744279264423945142479138373255337009235024063539091163734121844232194974471838283189493598548139250373339151889226504535540609
230014793938001232023927442770169493460350038179283431248814241444281543743214224660237735203453996347196283923731342028222073215445939237563087149661
293302561843351232662255346744284402098133837410611618933907338283085830888357351871728759350161909530266350251899329636350551908030205351451906629661
350611905730199