348404617748387 347014558546905 349064540246360 347294538446905 348164545746666 348194547446800 348304546846819 347574536846731 347834549146693 347974543246889 
348274539946814 348154540046682 347724541046811 347814545046658 348204542646819 347804544746794 348064548546726 348054544846807 348374547846712 348114543846804 
347944547446819 348254547546795 347784549846795 347494590247207 349224548246509 347334546147054 347804543946843 349024513546407 347184557546881 347814541846850 
348284542546891 348004532046434 348154542846944 348004557746650 348824544446840 346974544346841 348214551946707 347324546646836 348404546046762 348144540546755 
350224572746809 348104536246637 348534542846815 347724551646800 348254550946836 348364542046882 346414563446651 349844535846746 347934536546811 348204546346827 
347984545246805 347484543046765 348004549746716 348644541746803 347724550946842 348574549046705 347294542347028 347784533646965 348194555646662 347394551446944 
347514547746796 349164544546736 347144543146773 348704547246720 347554539446762 348184541246729 347874520546677 347724545646678 347674537646786 347684548646836 
348504532146252 348384537646810 347164542646806 348554547146710 347394548146877 348354550846810 348824538346737 346684569646848 347514557047090 348104543546918 
347934550346776 347734538746752 347684545946760 345274544846710 348544538146805 346614543746764 347944595447145 348014550946738 349834524646975 347634549546759 
347244574047014 349304549246810 346604565346862 348204538246835 346294546646618 349014530846751 344764598248051 349624543146798 347034540446672 348724544346829 
347594531146637 347704549846530 347784549346850 348394543146780 347824546646738 348024568947067 348044540046908 347494544946652 348764549746723 346894538346893 
348844537446643 346314303044441 342653625555623 361024659844714 374635294128759 379334936537140 368933469847087 293412225746692 257651613346266 303353158238962 
309472826744767 244762767441254 207843242046252 299802649042563 136462275649624 255592639744921 306262580935418 248892322725133 201541919839061 282162566845535 
241422623646882 291212290246558 223972709642736 223262389041435 227282397440617 240682443240543 242362473240391 235512603243712 233652584242406 262242645144296 
246802433541542 237952585642614 246362499642861 238172791143973 235982620540505 245562651343036 256192643643680 235442771942753 238532830044460 239412832744480 
238302894944258 237112962344694 238293006045141 242462924645407 241572976845289 242132973645387 241892995945311 241182971945195 251192974946670 242443203746026 
252963198146946 246483124246101 237293105144794 239713138545991 229763435745497 235632982244776 243293046146798 241993109645632 241032740543729 216662605437329 
177694067148272 304112620045511 225371694043910 202053865540303 237793133043013 263492700444332 260142970845722 235273052246043 239492798245798 226663327945264 
246242070142930 202833214851341 259333716649928 293211932646533 225742336135723 172323497144866 260982748346653 236202912044304 243962956645372 242022929745069 
250272368040079 218583106441874 204353450946276 232562848244244 304472986043700 264092286943929 223242887042041 215723077843187 235243087944910 240602888444927 
244382961345107 241472943345338 242422986145745 240922968745173 237432871141886 200532731639175 209874470550523 311551778850533 213232493942275 180893255941644 
232193057843746 238843035245646 239182941645044 224992930446202 256582368036011 211784391634302 188082791146347 289131975843777 263332473139587 184463525743074 
228842904743759 250802878244623 231772657943993 291763040938246 206603249238087 186043483646895 249172253353772 274752054746068 165912606045878 202153538742508 
234602994445166 237912801744657 209603064845988 153342484047297 166632937750085 247132787345286 337122820540232 203502488641190 165493093444282 241222809645026 
214912388447771 150562370248428 224034000233569 189452748551614 254151948848883 252882051545847 143923048440569 210362954043402 345362557625441 213832686226666 
224573061025252 298113013322824 326483498917759 344254036818720 342684123118727 349214106918642 349274115518703 350334100918803 350754108918852 350654115518761 
