349662351222305350262347422441350242350822264349852346522385350572350322277350382347522329349892348122258350362349122317350152348322312350162349122261
349572350622281350042343622301349782348522313349642347222293350412350122324350252351522287349792346222326350612346922288352512349722270349772346522282
350492350222216350172346122354350032349922186349742347122278350382351422359350202347722291350652347622307348522371622362350012347622279350972354722312
349712342622318349882346422341350152346122317350222348522379349882342122262350172352122250350652346422278350142344322309349622341922268350652354022296
350072346422328350292349922227350192346722354350222357722233349992339822300349562352922269350502345422297350262347822315352462346722231349922348522278
350512349622217349442342622347350722349422134348992348022343350422347822226349982347722318350022347522287344812152722036349992005021648325191743824950
350092100429376374702363933736251621996736993236382067337425305951146831378343242126727379309332023329223276311934030472337382138527321310351945330296
347592023219864336952152124691333642136721866403732604919904386052823120388346662887617873334852980620881272742681122895268602603324364259302568624195
257432630524973250702639926246267292602224680256652488425359258522527225533273932554523415277772392025672281272403325395261052351523243307992253625457
326972129122013342492193122901342372132323087363781635324739340272038734151320751948839357329902042037371318491773036889324941942340223304612134239873
305032164739069286632055540815280752067441981278972558642830284132378741911268552143440979266682220440988271962243141020282702197342842275942115942071
286372224140538285992241443802283972284743031313012076041858323752138442077263992325543188303742242743767300212110844718300362212844744295552151044418
304552215741830278602283243153257352241745853289332401343969301232694142027286203003740320241242490945055235782450342825232742779544670232052704643443
225832772242327244292700643893218532865143697220732714844121238582767443126239342763343164219002892942244232453148345211236362856345160225903047145629
233433045745186223762943047322227992358246985230472729644967239623292545791233843365349224255193248544540273123364843206263183153341314236723044738424
232622906138553249992402543301238602672547797289292782846400243863071847949240282367852488220072945946550238733022643161207082784342065192632656044397
217672748945943211122896145624219892859244152234133110143437228953134744978225433176644368224393234743307218643023747704226353171344435221263218344475
221703231944614225893309744370220573280945122218103298744366231563276143852225673125344804225683163244243229323103644390229273109144574228093115744528
229373105544585228823133944631229663184744278225133187745175224443173045287246633181243841216263135645881230653142145090223683151744842233543164743899
226053122245197232843104045165230493152944987227383204945270233743310345405236853250345732233983342445561233133296245627231853294045372234463262744738
234483248445385232643251245505234723241845144229063256945637234293246145416234803232545721233953243345527232983221745353232823250945503231213275845486
232093270445466234133239445489232903253945489234543267545349230703279945763232533278745539234983253345360231543280345483232553287745601233353282145426
233223293145409227843282546013241323296644438226553342646263231533333545407233693332744905229323328345736232903328245474230423310845588237693324944162
232643269946100233923340445112232413408945545230903514346081232183466945599232233449545467233483466345415235293469745535230603461245993232403377645123
233473385745473231363407845674231803354845553231393392945471230033409245367231183392245472230333402245413231883385345382232093388445367227923446345641
223973529346110236213437944801231983397645113233543406345180230113395244013225643307143606219263461143411207283823343835204613770244205208463633343510
214403644340439197623609839064205943416239854219093190245131209833465547245185584064839817195593710938995206663570941374193843691545069223693712941406
250353441240908208373526441609186583232840716204093593441336191854043444641199024026640988208363549037080202753496336678197233223842352207623288747669
194453902943004190074095434515193153406742474204003606444089222853563742893223203562842935217323478840629205463302439238198683375141832188373983742821
184104043143938192503677840904201913488334538217323073237622194023369345140191113534147098186254129235285198853638038670201513460542160197173541242936
212383649443248224443602239583208893278638382185203274440215206213614140396185884107843282186213930142677198153612838713190173503135086211503276736984
207133028447531196393748844241181444149834673194283516738675195593485942170186753550841475195133543541404208583778742312225423658941142214233305538849
214873293537959190183759940792178424165143361185484088942510195323781336700199473497733920205733093340104202922947449694175733981339697177594075334663
194653339640431201803460741421204073501441548196173677542342219313757041576219503532939324184933009337128207393151438483146434495547379180374330040483
210713314430411221853025534669198162601150694178563860941972175354275132593207883131441840191083615641530199373797343112213603734843233211613367639097
202653066936634191203543840430171114179442413184604158841459199023705739366204673581833338211863114935649212122911448443178403880244021185944144934102
201933268840472194683618542818198023779942932227933527541006203793358538001205703220238980185853655939886172903998640956176213976939863197493451837032
206833232435433206823374536113207192971446093179873625442851194774124133663196583338340816189533426841983214833490339821206123479841443173733695143688
218323716940585217573447240725204263237137315206973196539160165813848241403159574061342117195163672439225205123579233464211973128935238208782905344189
191433232745821174134276435314193573732536173194133472340988192393665840934187143711842745215193565241166229873545037421193333103639367209273300438728
193703959540794157304254142947187523879940122186163648636613211593408235108208513004540981200533298945470191233865140859185694186535072199043547337969
189813579141237204103608341124199433680041134200713781841761203943729340116223633271338099218933183137702194333526140445187114054840428172754134241647
185393949839176199713594536475194443675834122221263126137709195193373545956176833926844245180314205835682196173445438201205003595841429190323741042424
206873575040225207943674740121201013580041065202943563640839203413581641423204163582642889201033784142420218853500239842233523032736389182683172639289
149733945041844171104014640574193003676038332195593528838504216463638634195204883205238081191143194942766192633275944436169814167238221198353642336672
194763408639360197013633539897205833445640553201173432140590186943626240513191763668540811208573581740781209123587341102210713582539012204063451738580
189183313840648186693480339421182283720640490167424010741109190993715539658195193501239286209773627135808198743485836431203013095141522197203082344543
171963980338235178793710438411192043442939059203563489539585206923375640367199653357239811195753399940037198383411939947196313381639454203513293638960
193763328539637196183337739691202013319839621200433281339660204393209739640210523032939936193782863239102208923042738122189882758240007198602799738431
206592772738366224292646738747200502658039006207422656538461227582730638885214982630640088216712686139081223772678139437218792634639896217352708840005
215802617541304228942576440934219862578441455221542612442138