246422856645414246932870645304246272848545290247912872845508247272866845498248102866045506243542886645390242772888245285243812881145189246212896945423
245402916445348244022905145338245482918245442245882892845315242182942745445242652916745370246312867945328242842887945362245272929445295245662874545182
245252936845429247322885045412246472871045502244452898745254246212895845365245262886945256247172894245724247402917945573246792866745484245002967345536
244052921145711245362917445380241222971545492245542976345488244992913045428243552956845100245782948845454244192908745503242352990645400243992915945129
240133020145291241172926445490244542922445487242952942045413241252922745498243662939045005244502926545221244012920345352239892962045360243432927545338
242172945645303242682983545506241442957345498240552977545487241832954845291242512954145485241242964545367242142972945491242302971445382242452960845306
240003001445365242062965345457241942948445448241652966245489240262962745425241492959545458239802986145583242333016645617242962997645625239323033545523
240023070345627235913094245826240113127545724238453147645772240233086645694237113132045606238383141045759240133109545813237073142345709240893133845884
235393175145581236853204545944238813144345816242293133845868238323149345788238143129245703240893108845817237863097445700237843105045575237583124545640
239673110045699237693112945703238083104745654238683090145595239573078245466238193058345491237923077745510238963065545449238383089145489238003084445401
238203054845493238673052845531239263086745367236243066345295235663096445334237853070945571237773050445214238203052145317237523058245279237713035744997
236703041045271236803055945319237143044145208234683031545308234623088945280234383068345128234763023645013235163052945188235783053645155232613032745224
237223022544975237523007345096235253061544975235853030045073236003048945245235573025845205236043037045116234753019544852235883017544977237133015045078
234753041545058236813013145075235833049544959234893031645003236393049945010234873070645106235113049645194234833029945084234823041145100236073018045108
235683024445058235903024045074235043037345048232993034544954237553000245056237343031345081235443037445081235333030045202234603098745259234663006545200
235133042444996232293072945249235253061845148236173067945334238873001645350235613090645192239193078645593235922994745705240323042745450240933027945380
239232999745383240353018245324239393079845507236533009545450238463089145460241973038445383235612960845314236663057045441236403149445533234603070445359
232103110345231239693045545504236173061045165234943034845318236133023245442238353100145279236272989245248241713035945455239413029145196241893038445191
238482967745266238403043745563239743048345348238223054345326238382973845268241713059945746238133069845343237403089345783239923074745833241033147045698
237733205845667240693190245487239653018045806238653143745641244473178146280237483143645757241203167645822236573096845544239423153545852238353161245677
239913146345920239743156046084237833155745655241093091445687245703164545836237583049245246252613089846070235173044245162239073134346226242993083345855
238183276046059239803015945717238283271846061236903027745833245383314046910242322942345305245673229046654244003041845669242293088345831243673078245987
243643063045957242143067145849243823055445930243743062745778242883055645806241513043745671241683044845888241873056845772243543041345662240483064445834
246673090244926242663102145569251322735944976264272590845720223982713144332317341896544576316082287441987293682356842407287432514343469309432672742123
310191784237405258822198737721281131859533666340501130527302314671954828812326711936528479334911717031450344621706731952344542117337170294971754539058
318601976238446304262694540305275522553643729273112238746003271432579944483258132559544199272632483647064274062695250173224062711149014266063056443836
258243339042727220203565542638206093536743471209093571242702203173598341200170323697539928216763440339004248933420738688220613343840935187483282943025
197653239942054193663390942127226103340239629223263287541649190543648542592212433310241256209103545741998208723523244050224173627642203213513565143536
224773416443137213233799744831230603629044787239353652045240254483547446594252873547047262242173345048334283133076948582299723082251090308483330049524
330893202147555368181188035143343592104541861341852067343400339202077043848318422515145719315881920940127310702543941347364422169745459350322930848799
341343566049769345043689651012352523966650032356624025050705319074164347728321544271847522313824475845533294644769442694302244825743452298074827442859
310234746944320310994722043450328654534444514303644933043906301654741642521292814771442235286354674141427281894675143255291064712043507292094678043002
279974850743433275184445942469268955366341335266084614539519250884671239879263504838439602267034659640090260034846841513275394656343270287014614343546
290234626344682297584589844520292524565946222319204799247454318844478046092267224265446279293164289744201272884342445076281254386946538267994335946842
269144260146243256494171745708288324247946558271684225946025259854204846503276264211146653255824130746280262114240747085280664211946857263104126946890
275894174346851274984189147096270604170746969269444165847144269134152747142270604140147143273564137147269274794143747236273414136247284273704131647287
273884134847296276154134247315274004171747550269074125547072269314119646812272544141347241281024207647099273334163946765265924175947402273424135346997
278324180947299291104214347297264174069746888268534156047366282934181547381267194102447167269624125447425275174204547998274874104847290281334087447317
279854098147232273154141747449271444157947583275134135947395275984158647702283834036546848275014162347579283394142847387280684120647179278604211148115
286224138546468275004297548449287584191947734286384141747378278644221848136284004194447699280234177647672301514052546692280854216148253281904199147642
286034196847962276774202148382290584067147202285324145648061287564115247284279314202548053290754105047220277484243548486286104147047381286174133047700
286764144647638282704170047735286384039347525283114206545759264304351147301280674203546057268084324646684267094330746401278104246845850267234315846352
270954326846210272204304646145270994296546255271614276246221273524302046361271834317346343270384293346018269804284246213273404300146222267904331246860
282104160446553274804274247742279184397448614276434110946995258034053746746281084179246191283264196846032270434244247073272954242247590273724112147268
267734213047652275214101646158279424133746602287114197947039267884272049104281764183946802296183930946292268134127056633364452991245818322513242351069
312723319150138369873685149473390793666551584356603802649380301093975946037268674249454904297663708349562336843541248195333983547048705347253427651518
403553339451720328663560547664321803651150484331024068552214321974273149840303104184246461312693850549129300013535145370370733161856750304893280552158
36526588856631331211130345736379242701947295386681746643759345273044642742269182913738201230232918540737218123009042095154293229433923182523525136397
215802714442765234222136543949257942658443844213562871942039220303381342767225314144040221168672868138090204073405938055176603980144495202663598846879
222493241440124177042874735730189543074334486182542982135455206623380543882206683847048624215783648046274214493568943007189912705840857197442828142160
221423454045262184783696133741180143224741676207573095443135225243081943153248952503044563242232723743872204913107841247184363162142955242103694842713
163373711439731186733474445232231053116940463225143008740000217192813643008257232670643406252752523042108236022757343746265862891545473288172501148835
328412867452161313532531146008356551887641712350672084043907356002262644562351852271445268344062121144797331202240143661349523046641205332272460446221
334032421946720335932460646930335682456547010335762461646998335702455346909335892461546906335962464546992335652464346966336162463247008336072466547064
335602463846997335902459247020336062466147118336082464046961335542469347038335782464847042336092469747060336252467046792336102466247016335502469546975
336382466847012336002474747090336552467947043336092450847047336342465647042336452468047010335822471447049336052472147117336092472847146336192484947137
336842454846972336042471647208336372477947126336752471547101335752475547223335552470346912335562462946818336012474847107335672485047281335722468847054
335922476547087336772482447071336672468347108336102477447208337082490047226336132473147054336502472447160336362483247196335702485447183337072461546777
335812485547193336422478247189336092473947096335602482047139335532481047078336142475247110336242480547170335962481947123336102483547115336032483447244
335932475847177336002477447051336642482147215336052479147168336802483047176336082475547068336692485147217336242478847146336242484847157336692477047166
336592486147221336072479247146336352485047142335812483647214336312480347242336692485147241336712488347160336362479047134336262481047139336532482347187
336142484047190336272484047119336632479447227336332480747211336392485847180336402481947145336542488847238336792487647155336972484747200336202481047118
336772487247177337052482847205336652489647191336452487147181336612487547203336842489247210336172479047129336942492147179336532487847231336302482447270
336522488147190337022484147242337152493947220336482492447146335582443846968336102507147337336642496147292337112489047160336232486547083336762489847203
295402227745965384311623242791379201709240309322583708444617290250976348981903824460393293456022207464967331317994900858354149736385316412578340371
285882570047484140423007152689234943059645761477332516839347388942736050153366342868441684296722089447423329891846044983320522039046786317092097742108
349042104748319364452073338424363362028942783369121996941293370222011741381370202020541415369062012541414369222016041280369732015541327369592011741320
369232017841333369672018241314369622014141218369952019841248368882013941230369712017441168369182003341010369772020341278369802011641207369732019041175
369542013541175369642015741213369752019141157368652012441106369802017441158369462011641021370142021341180369472014941113369582014441151369312019641137
369672012740964369912017741200370072015641049369352017241159369822015541088370042017541052369672015341115369472014041140369252012241102369692013241127
370002016041067369282017641097369612014641102370102015441051369102018741120369602013441033369972016941342370162016841032369592007941092369942017341112
369892009941054369762017141116369882037841095369792007241017369682012941062369672018141100369952016241056370062014341008369732014341060369942012841067
369822011341059369852018641091369722014941045369372014841087370042015741040369282011941350370192014041163369742020441107369802012841104370432009541024
370062016641015369412038641012369772012341117369612014441013369932016141079369732007241134369772018141068369532013841054370022019141012369352014241159
370072017941052370402010141035369412015741088369782009541076369752016841032370022013741173370422019941127369542009140995369561993341040370132012741077
369872014341011369932014041077370252018641089370052013141093369892013141055370222015641037369362016941055369902014241084370362011441041369782012941057
370122014241002369712014841078369342019241074369702009441018369692017241128369822013540992369642016341015369662017641155370212008841086370292019141043
369752017441063369512010440968369682017741124369682017641104369862017441038369182013341047369772012541072370222018441140370152014441039370062018741028
370002011041057369692014141040369772014641316370022017941148369842012441049369622017641079369702011940957369562014741069369751990441092369592016741061
369982020841055370022012941027369802012041128369592010041049369862013241070369512019341063369372015441051369752015241068369952017841043369882019841057
369882014740955369762020141113369852016441080369982013941136369772012240982369622016841045369812008941071370042014141050369702013541012369802017841110
369682015941061370022019341098369822013541053370162015041018370052011041057369882013541061369492013641033370272016141094369122010141001369912023441152
369302015941090370312020941030369682013441100369522015241082370472012740956370062014141084370012016041070369542010141007369852013541097369932008641033
369982010541150370002017941013369912016441006369832013441014370092016241045369432014741077370252013741071369522016041099370172013941089369842015140966
369012020241090369812014640972369952019441078369922006840980369752016341060369902011040993370292017241083370242015941064369642016241101370012014941031
370362014641090369702012141090370322012341030369722014241017370072006941052369622016541057370392036340948369522013641106370302012741000369992015441086
369612015341020370002016541016369422017340966369962015441056370152014741017370162012741094370432012641016370112012841107370132016441094370092013341045
369612013741059370462015441110370192012241020369982012741014370032015541027369972012841026370112026741119370012009440980369312016241062370702020841128
369802012941019370042018341166369482013141012369722013141091369282012741058370242009141070370022011841341370202015041049369982014041005369292017741075
369941989741003370672010941038369122014841021370182013041087369472014141163369802012441001369852014441070369882015841046369742018441118369932009441036
371042015741193369792011840970369312016241075370242014641018369612015341149370032014241223370262013940998370332040441113369322009741029369382040441013
368992005441116370032016741029370222012541079367972020341133369862010741023372612024241197370162004440888368642025241055369402011840962371522020441175
369982011040973369562010841032369402016541123370612009641032369962013241083370072020641109369932004941027370022013041031370452014341034368952012541064
370402009840992370182015441076369962019841020370092012341074368232016241061369672030241179370492008240922369862014641077370732013141116369662010141004
369902019641092370182011340998370222008941005370062014041047370352014841101