346182329446515 346182370345961 345782354746101 345072354746110 345302349846089 345552353946119 345762358446034 345042360446103 345082354645940 346222353746094 
342562359246137 345302355046091 345622347146083 345472369546118 345952341746121 345792365446247 345062358646125 345432351246101 345302355746036 345762352645976 
345492353546054 345922352646034 345772347346099 345322361646066 345212359946099 345702353446085 345852350446089 345322355746007 346172381945833 345922359446045 
344652357746113 345842353146081 345662354846055 345622353446130 345612352646150 345212357046078 346042356946087 344792356446034 347162349246065 345772352446086 
345392357446146 347502378045932 329872840448289 328162645946328 322142146251265 311112063244472 286071977942973 377472298542670 457772782031974 456232739836856 
499052475233852 538712889128585 511242687530276 520623810038658 491193579237666 530943751038454 498993725336482 476182901629893 490602381338959 450982478636920 
387682894042197 337303125253816 282193067760069 368124283351812 325083488649404 379813713949561 331574011253711 405744594852025 406234022340375 526914470343483 
444833463639626 422803349633880 346823612047654 91152090549704 143682145129058 303422684930249 340112475635450 255482072544204 334284022734614 22363515822672 
207952636021477 129553252241973 138383498435485 195353477342027 229853447538140 230743564837504 181953531037310 149943538820319 225343733724979 231813291561103 
192283123933031 169074102029956 216914066126093 165263773633229 197853414739916 166214011935143 204783710937186 218943783535551 182163940234714 195414044432678 
191133875532352 197793780733032 194523836131887 197863905630415 198593703229860 173983474031480 188703528131056 197553639328156 182633353731053 202083574332147 
187033435632216 190193352133377 181273328431426 196963341131320 196803288432786 186353274832407 185163260432272 194513090630108 183683072225821 202373642829949 
188713754543771 196843546040686 183913317831329 189893408425838 172233125925577 166193228936031 209834046138770 189923404330503 158013658230156 187363243237091 
201942945325703 136534373029087 158813511840564 196313809634050 226953703127334 189063194039604 219233758722000 162513461120169 162153374438745 135934034141657 
132523146731908 256752689324678 152184234124053 116474371935802 174633658342841 180193889436277 196572968529898 173623868419156 155423196124115 169373376634001 
174613407339915 173423275227056 250762399234374 175353544328928 175984284224248 177514161046376 175833777342409 209272925038860 197373666217734 180802689226926 
170193077239992 191084118835438 206583484129753 181103193031512 216002724937075 179423039722023 143423839527239 152934083231405 151663824747833 246193280737942 
198623248617341 132423038617376 184402639041346 195363871136948 195993450333793 161153178734852 200062916037806 179132745430068 154343551424815 136614054039946 
195024177743833 213153829737691 200673215627962 144483303421932 168252958737040 193713312937795 207483478032019 179463535737015 146133917739130 217012493728130 
170043232635884 165263078730496 165133961436184 183263991033161 201163413242326 187463447821872 121913515117221 152533420338326 195503626738808 200723577340874 
175143661136458 176732501932836 221972872829490 177183492735314 175493799542131 182823412746328 231293369134879 161593739025850 128503550826469 178633269641108 
198923575529211 172103856634734 222534493132272 196563840033995 188653835431748 196693880229646 201433971829471 193843891631508 