361872533120723361302556021148360612533720798360982542920789361602534720802363852535420771364412529621074360342535920695362702536020767361382536420666
362002531820799362312535420678361552535120718362012537320675361552535620752361762532220795362362538820768362092537220798361842538620843361622539420839
362242541220826362402581921125362672565421444363142561921370362162533620756362652553020998361802538620812361672534720767362312539620787361522552020677
362092528520853362612534520704361652533520748362002533520707361662532620672362302534720786361762542720790362532568120762361662520020716361912536820762
362032533620752362102536120709361972529220735362032536320695362032535820766361492534720683360402568220280362342467220999338371869225600420533509438519
375431884131690388502440338323385582633746393402383753152725393103296950808388353377252254296422998648149270204462843446209934480650069263294437842720
215144698440824230534139944380196773688245311238673902745113209134113443029214523990741422224014067242252211154045740927219924069541760214474019041032
21623413464071321639417324004118244361524340522786382044475519253446953504922128318474581527509319725548917033392153388169044591731857185493544041185
295975178943599290333400445262196042848634391268694014242531192434938733966247703302352282268953442745850142264514725154257263326947425189124594140154
311493994135111137431959733874328404977145602139114190733972174562712449614259463794448329130364211227683284074026150329172803081740572203584723140300
3076337852419562285231668371551490033874272213381841739566399838364883502194283231530759167633673837506228374418845818187763284947461167793689236016
116073641841277183272837743527180864281737674254013547644014101342795945405123322927845046120984050641866164063678929417237922987244674270522580551147
175863625737216170264264634407314172549145821121333741339947217904009242455196042669243896193782360143849153043874037800175663549636476212262786344887
291152328257042222733045337352233803681038827183343533844447281093658240262162633591142574204082537540528273403789842694164954009837490220122765345696
21848278884833820636330023564619228318853712920543396294195523974357154018018300293994184522759355334016824888289754000368544008941500202164108933527
260433025555119206053562349288115773642030685235093328245762197233513145534248204157236341180203253543640205883964437647177423127835050179154817943056
206913335937834205403220851373190083495642252148533169332853216273141545147231643454143796226533763642905213774502633819122613647740763143952758836356
210353888943814203544176234008147533154641663225003137155069172723829238212154903805129387219233681743232221004139842276242143637543284192193695536277
153973232136777228352691538879178184591141034191853784837490230482707752064162193397836389134623242732176209003546343611203533541144533232404083736799
194913724633203102502986140004212363417736960189864707129397210142566852141177892866247532137343017029671197253166941278172783947037843220953453542151
228944176337302245163597036176141503278640071179213843835348229964371934232171072904042328210273276745231212223448936633180313583136659144113511138991
212314014143122218274343729470151603464639143146023452233493192384738737836183884365029819206452016255642200233289136161179533463236614227523381540604
231312811846476240753149841323262313885039848217592354739638211383100241211249222451740205244122386737827261582269838893278541749835778295221333432189
293202096127815310961972924868309532233627263327062066928909330781482525351333741948827007352162031527343381021914031489372931905529164380661928030061
370571834330582373911801032364368971959336262455541331538311368241972639079