354322345345714354612310345765353082306545684352002316845712352912320045749353582321145795352852319845690353002316945730352972306745665352922318345661
352922318945719351902310545643354362315045703352652319145739352272313945740353722311045692352402313045620353442317045618350722301645738353692316445603
352762322545746353712326445715352772312345691353062319145681352702317245620353222319245718353012319145724352312320845722351342323245664353482309445675
352752315045601353042321145636352992310745683353142313045639352842319045645352552305645595353582315145777352402321645764351892318745882352602315045776
351412308545762352992312445702353292315745629353842315345634353142308445607352902317445734352322305445620353072327545768352362309345745352672320345762
353302309845708353112316345705353282322145738351892316045731352742310045645355082315445703351452293045516352092326345944357902441346648353182310045601
352872322845724349562288245979355452277344883360742274545150344202336845914341602238544897348702330245915351942129444305349332288845883350572436946365
354312320245619351882322345840353972308245692352602314545676352682314645642352882318245656352892317145736352552322345685352772326645538352602318445700
352432299745788352862320545655352722316345638353132322645672352122313845686353212318245624353082318345726352612313545638353182317845707353292314845692
352962315845717353532317345693353972319645697352652306745603352792315945704353132307445708353782316745684352182321145725350112317145766353142313945615
352672314645756353332315845664352402308945662352502325245769352812310445691352402311445980353012318045748352952317145701353822326045680352012305345748
353432321045711353182311045679352882315345686302672177241210378732521348089351772174946377351452379046254350302431647255358622162745165347812284545733
355252210545208346742207745257418661912541965339962635352760340182559348143337363136246523290233583948998279574385544515240284339236167222264582437222
216444463535276181894126432962233134641134895229724669534791216654385335380225844614137321216014448134742232294550035188214734475634236210074357034096
209974282033902208064320333168217244386533983212694364333484215964360134768214144425535565217714418135358214424376635416215624355735805213814366836246
216294398435762212364383035628213854379735755214854371335828215914365535834203874334836726218634322538139213684318637509214454304837840214844279838285
214064326137886217164309638948215734320638536215254309338209218944315538815215894324338573206894308238192222364336538239237514606736241223124435738042
211114304037319220034602537827243574589737608227294460436380224014477236382233424574037126243454528637193219194498536410222484445437086224544494236965
224944527737022173483701033567180394377931661248754668743059253904222445271230004277039806199844152435092131863652833779262974621148783223464948248538
30126376573824520916324743789996414242949973163783354529340304893630751976259533660950242178823598240131196774337925451194373994737842271573925853944
17450402694516023387474394228123060327473565489303180037786180973904244074286453452455927250683690343648174544420438713161613634230750236503979453157
23727411854968826276446074060224935270663712692523964544592292184644150729245363525853513249974212047337130314085733807148113629735344288343804553323
23106435814591129176408873998984572298429887234733907744500287613588253513327393627743602128173974035624146563269628272273614120661526250114110438991
232263814038968108313170336438321444296260061212003049048287131173775338937166183531822145327534119556433249353872448585225824461437667173712135026291
33525413354866431029367295524625579373514437584803874028178163513344434498324033929955414220633801940330238644552549645219283787336122215473684035406
98923760432934372343818067693191753566838784117663364437418131584029724725261384106846248234113662251010224073809441425201344113636231186403116036101
10343355513080033640412746706020577307803957517281382604271615285421102954313771369303075424906346805850025244399714006120325368753416992173518139543
110083283125701345263890667764235303245435091183194639039057123383919726178267363532454782229723635153675223144177334482211043758235374137353509642547
2541737000556123012832232551332406237314398588961396152507717091388233729826497330225913222923359844193620992446533747021540337303741727963470941915
231264013654854246962969450819211823863239077131414270226449228323632248024243933473859311219403851935629231264211132927192353148639609158543827042022
34163350726167124892333354275120694405593994212231394722406923424335344883227619367665825820375365923936725322379983964716327361953017093673415031893
27751339795420034601322584816223252343694276397433947336509133274080131462260223383454257266443519751157263223871335281205483845734144157073065227110
304844034459621265663009750073238723683245100112474170429669117263692931410228883458356306262323621152017173003517434313271533561332661186633728638957
204853800330914368973447866844245483203941631153093841336390170324018337669335973399045747380062487638564299571424516065356112339423343354072315921922
353642359522179353582376922119352842360922237